1
1
1
1
1
1
1
1
1
1
1
1
1
1
1
1
1
1
1
1
1
1
1
1
1
1
1
1
1
1
1
1
1
1
1
1
1
1
1
1
1
1
1
1
1
1
1
1
1
1
1
1
1
1
1
1
1
1
1
1
1
1
1
1
1
1
1
1
1
1
1
1
1
1
1
1
1
1
1
1
1
1
1
1
1
1
1
1
1
1
1
1
1
1
1
1
1
1
1
1
1
1
1.00006
1.00006
1.00004
0.999993
0.999933
0.999859
0.999775
0.999682
0.99958
0.999472
0.999357
0.999237
0.999111
0.99898
0.998844
0.998704
0.998559
0.998411
0.998258
0.998102
0.997943
0.99778
0.997613
0.997443
0.997269
0.997092
0.996912
0.996728
0.996541
0.99635
0.996155
0.995957
0.995755
0.995549
0.995338
0.995124
0.994905
0.994681
0.994452
0.994219
0.993979
0.993734
0.993484
0.993226
0.992962
0.992691
0.992412
0.992125
0.991829
0.991525
0.99121
0.990885
0.990549
0.990201
0.98984
0.989465
0.989076
0.98867
0.988248
0.987807
0.987346
0.986863
0.986357
0.985826
0.985267
0.984678
0.984056
0.983398
0.9827
0.981959
0.98117
0.980328
0.979426
0.978458
0.977417
0.976292
0.975074
0.973749
0.972302
0.970715
0.968967
0.96703
0.964871
0.962449
0.959712
0.956592
0.953003
0.948826
0.943903
0.93801
0.930828
0.921874
0.910395
0.895143
0.873901
0.842374
0.791306
0.698153
0.500275
0
1
1.00006
1.00006
0.999998
0.999903
0.999778
0.999629
0.999459
0.999271
0.999068
0.998851
0.998621
0.998379
0.998126
0.997864
0.997592
0.997311
0.997022
0.996725
0.996421
0.996109
0.995789
0.995463
0.995129
0.994789
0.994442
0.994088
0.993727
0.99336
0.992985
0.992603
0.992214
0.991818
0.991414
0.991001
0.990581
0.990152
0.989714
0.989267
0.98881
0.988343
0.987865
0.987375
0.986873
0.986359
0.985831
0.985289
0.984732
0.984159
0.983568
0.982959
0.982331
0.981681
0.98101
0.980314
0.979593
0.978845
0.978067
0.977258
0.976414
0.975533
0.974613
0.97365
0.97264
0.97158
0.970464
0.969289
0.968048
0.966735
0.965344
0.963866
0.962293
0.960614
0.958818
0.956891
0.954817
0.952579
0.950155
0.94752
0.944644
0.941493
0.938023
0.934181
0.929905
0.925113
0.919706
0.913555
0.906492
0.898298
0.888674
0.877211
0.863327
0.846173
0.824464
0.796177
0.757989
0.704187
0.624597
0.50093
0.302847
0
1
1.00004
0.999998
0.999895
0.999742
0.999548
0.999319
0.999061
0.998777
0.99847
0.998142
0.997795
0.997432
0.997052
0.996657
0.996249
0.995828
0.995394
0.994948
0.99449
0.994022
0.993543
0.993053
0.992553
0.992042
0.991522
0.990991
0.99045
0.989898
0.989336
0.988764
0.988181
0.987586
0.98698
0.986362
0.985732
0.985089
0.984433
0.983763
0.983078
0.982377
0.981661
0.980928
0.980176
0.979406
0.978615
0.977803
0.976968
0.976109
0.975225
0.974313
0.973372
0.9724
0.971395
0.970354
0.969274
0.968154
0.96699
0.965779
0.964517
0.9632
0.961823
0.960383
0.958873
0.957288
0.955621
0.953865
0.952011
0.950051
0.947975
0.945769
0.943422
0.940918
0.938241
0.935369
0.932281
0.928951
0.925346
0.921431
0.917162
0.912489
0.907349
0.901668
0.895354
0.888293
0.880345
0.871328
0.861013
0.849099
0.835185
0.818733
0.798997
0.774927
0.74501
0.707013
0.657589
0.59169
0.501864
0.378024
0.210084
0
1
0.999993
0.999903
0.999742
0.999522
0.999252
0.998939
0.998589
0.998205
0.997792
0.997352
0.996887
0.9964
0.995892
0.995365
0.994819
0.994256
0.993677
0.993081
0.992471
0.991846
0.991207
0.990553
0.989886
0.989205
0.988511
0.987803
0.987082
0.986347
0.985598
0.984836
0.984058
0.983266
0.982459
0.981636
0.980796
0.97994
0.979066
0.978173
0.977261
0.976328
0.975374
0.974398
0.973398
0.972372
0.97132
0.970239
0.969128
0.967986
0.966809
0.965596
0.964345
0.963052
0.961715
0.960331
0.958896
0.957408
0.955861
0.954251
0.952575
0.950825
0.948998
0.947086
0.945082
0.942979
0.940767
0.938439
0.935982
0.933384
0.930633
0.927714
0.924608
0.921296
0.917757
0.913964
0.909889
0.905497
0.900748
0.895595
0.889985
0.883852
0.877117
0.869688
0.861449
0.852262
0.841951
0.830301
0.817034
0.801799
0.784135
0.763438
0.7389
0.70943
0.673535
0.629174
0.573563
0.503022
0.413043
0.299118
0.159363
0
1
0.999933
0.999778
0.999548
0.999252
0.998899
0.998497
0.99805
0.997563
0.997041
0.996486
0.995902
0.99529
0.994652
0.993991
0.993307
0.992601
0.991876
0.99113
0.990366
0.989584
0.988784
0.987967
0.987133
0.986282
0.985414
0.98453
0.983628
0.98271
0.981775
0.980821
0.979851
0.978861
0.977853
0.976825
0.975777
0.974708
0.973617
0.972503
0.971364
0.970201
0.969011
0.967792
0.966544
0.965265
0.963953
0.962605
0.961221
0.959796
0.958329
0.956818
0.955258
0.953648
0.951982
0.950259
0.948472
0.946619
0.944694
0.942691
0.940605
0.938429
0.936157
0.93378
0.93129
0.928677
0.925931
0.92304
0.919992
0.916771
0.913361
0.909744
0.905899
0.901802
0.897427
0.892742
0.887714
0.882299
0.876452
0.870118
0.863231
0.855715
0.84748
0.838417
0.828394
0.817252
0.804798
0.790788
0.774924
0.756828
0.736019
0.711885
0.683636
0.650255
0.610428
0.562486
0.504368
0.433691
0.34807
0.245942
0.128151
0
1
0.999859
0.999629
0.999319
0.998939
0.998497
0.997999
0.99745
0.996857
0.996223
0.99555
0.994844
0.994105
0.993336
0.992539
0.991715
0.990867
0.989994
0.989098
0.98818
0.98724
0.98628
0.985298
0.984297
0.983275
0.982234
0.981173
0.980091
0.97899
0.977868
0.976725
0.975561
0.974375
0.973167
0.971935
0.970679
0.969398
0.968091
0.966756
0.965393
0.964
0.962575
0.961116
0.959622
0.958092
0.956521
0.954909
0.953252
0.951549
0.949795
0.947987
0.946123
0.944198
0.942208
0.940149
0.938016
0.935802
0.933504
0.931114
0.928625
0.92603
0.92332
0.920487
0.91752
0.914408
0.91114
0.9077
0.904075
0.900246
0.896196
0.891902
0.887342
0.882487
0.877306
0.871765
0.865823
0.859434
0.852545
0.845093
0.837006
0.828199
0.818571
0.808005
0.796357
0.783457
0.769098
0.753031
0.734947
0.714468
0.691127
0.664346
0.633406
0.597426
0.555336
0.505874
0.447633
0.379204
0.299501
0.208331
0.1072
0
1
0.999775
0.999459
0.999061
0.998589
0.99805
0.99745
0.996796
0.996092
0.995342
0.994549
0.993718
0.99285
0.991948
0.991014
0.990049
0.989056
0.988035
0.986988
0.985915
0.984817
0.983695
0.98255
0.981381
0.980189
0.978974
0.977736
0.976475
0.97519
0.973882
0.97255
0.971194
0.969812
0.968404
0.966969
0.965506
0.964014
0.962492
0.960939
0.959352
0.95773
0.956072
0.954375
0.952638
0.950857
0.949031
0.947157
0.945231
0.943251
0.941213
0.939114
0.936949
0.934714
0.932404
0.930014
0.927538
0.924971
0.922306
0.919535
0.916651
0.913645
0.910507
0.907228
0.903795
0.900197
0.896419
0.892446
0.88826
0.883843
0.879174
0.874228
0.868979
0.863396
0.857446
0.851088
0.84428
0.83697
0.8291
0.820603
0.811401
0.801402
0.790502
0.778574
0.765471
0.751019
0.735009
0.71719
0.697264
0.674871
0.649577
0.620864
0.588115
0.550607
0.507515
0.45794
0.400984
0.335893
0.2623
0.18058
0.0922172
0
1
0.999682
0.999271
0.998777
0.998205
0.997563
0.996857
0.996092
0.995272
0.994403
0.993487
0.992528
0.991529
0.990492
0.989419
0.988312
0.987173
0.986003
0.984803
0.983575
0.982318
0.981035
0.979724
0.978388
0.977025
0.975636
0.974222
0.972781
0.971314
0.969821
0.9683
0.966751
0.965174
0.963567
0.96193
0.960262
0.958561
0.956825
0.955054
0.953245
0.951397
0.949508
0.947575
0.945596
0.943568
0.941489
0.939356
0.937164
0.934912
0.932593
0.930206
0.927744
0.925204
0.922579
0.919864
0.917052
0.914138
0.911113
0.90797
0.904699
0.901291
0.897736
0.894022
0.890136
0.886065
0.881793
0.877304
0.872577
0.867593
0.862329
0.856757
0.85085
0.844573
0.837892
0.830762
0.823139
0.814966
0.806183
0.796718
0.786492
0.775408
0.763359
0.750218
0.735836
0.72004
0.702627
0.683357
0.661949
0.638074
0.611346
0.581319
0.547484
0.509272
0.466076
0.417288
0.362372
0.300981
0.233127
0.15937
0.0809895
0
1
0.99958
0.999068
0.99847
0.997792
0.997041
0.996223
0.995342
0.994403
0.993411
0.992368
0.991279
0.990146
0.988971
0.987758
0.986507
0.985221
0.9839
0.982547
0.981162
0.979746
0.9783
0.976825
0.97532
0.973787
0.972225
0.970634
0.969014
0.967365
0.965686
0.963977
0.962237
0.960466
0.958661
0.956823
0.95495
0.953041
0.951094
0.949107
0.947078
0.945005
0.942887
0.94072
0.938503
0.936231
0.933902
0.931513
0.929059
0.926537
0.923943
0.921272
0.918519
0.915678
0.912744
0.90971
0.90657
0.903315
0.899939
0.896432
0.892784
0.888985
0.885024
0.880888
0.876563
0.872034
0.867285
0.862298
0.857052
0.851524
0.84569
0.839522
0.832989
0.826057
0.818685
0.810831
0.802446
0.793472
0.783846
0.773496
0.762339
0.75028
0.737209
0.723003
0.707515
0.690578
0.672001
0.651561
0.629002
0.60403
0.576314
0.545483
0.511128
0.472821
0.43013
0.382665
0.330134
0.272435
0.209756
0.142684
0.0722709
0
1
0.999472
0.998851
0.998142
0.997352
0.996486
0.99555
0.994549
0.993487
0.992368
0.991196
0.989974
0.988704
0.98739
0.986034
0.984637
0.983202
0.98173
0.980222
0.97868
0.977104
0.975496
0.973855
0.972182
0.970478
0.968742
0.966975
0.965176
0.963345
0.961481
0.959585
0.957655
0.95569
0.953689
0.951651
0.949575
0.947459
0.945302
0.943101
0.940854
0.93856
0.936215
0.933817
0.931363
0.92885
0.926275
0.923633
0.920922
0.918135
0.91527
0.91232
0.90928
0.906145
0.902908
0.899563
0.896101
0.892515
0.888796
0.884934
0.88092
0.876741
0.872386
0.867842
0.863093
0.858124
0.852916
0.847451
0.841707
0.835661
0.829285
0.822552
0.815428
0.807878
0.799861
0.791332
0.782241
0.77253
0.762134
0.750981
0.738989
0.726062
0.712096
0.696968
0.680541
0.662658
0.643139
0.621784
0.598366
0.57263
0.544298
0.513069
0.478626
0.440654
0.398859
0.353006
0.302964
0.248767
0.190677
0.129241
0.0653094
0
1
0.999357
0.998621
0.997795
0.996887
0.995902
0.994844
0.993718
0.992528
0.991279
0.989974
0.988615
0.987207
0.985751
0.98425
0.982706
0.981121
0.979496
0.977833
0.976132
0.974395
0.972623
0.970816
0.968975
0.9671
0.96519
0.963247
0.961269
0.959257
0.95721
0.955127
0.953007
0.95085
0.948654
0.946418
0.94414
0.941819
0.939453
0.93704
0.934578
0.932064
0.929495
0.926869
0.924183
0.921432
0.918614
0.915724
0.912759
0.909712
0.90658
0.903357
0.900038
0.896615
0.893082
0.889432
0.885656
0.881747
0.877695
0.873489
0.869119
0.864574
0.859839
0.8549
0.849744
0.844351
0.838704
0.832783
0.826566
0.820026
0.813139
0.805872
0.798194
0.790066
0.781449
0.772296
0.762556
0.752172
0.741079
0.729206
0.716472
0.702785
0.688044
0.672133
0.654924
0.636272
0.616014
0.593972
0.569947
0.543726
0.515079
0.483768
0.449553
0.412209
0.371546
0.327437
0.27985
0.228892
0.174845
0.118194
0.0596255
0
1
0.999237
0.998379
0.997432
0.9964
0.99529
0.994105
0.99285
0.991529
0.990146
0.988704
0.987207
0.985657
0.984057
0.982409
0.980716
0.978979
0.9772
0.97538
0.97352
0.971622
0.969685
0.967712
0.965702
0.963656
0.961573
0.959453
0.957297
0.955104
0.952874
0.950605
0.948297
0.945948
0.943558
0.941125
0.938648
0.936124
0.933552
0.930929
0.928254
0.925523
0.922733
0.919882
0.916966
0.913982
0.910925
0.907791
0.904576
0.901275
0.897882
0.894392
0.890798
0.887094
0.883272
0.879326
0.875245
0.871022
0.866647
0.862108
0.857395
0.852495
0.847394
0.842078
0.83653
0.830733
0.824667
0.818312
0.811645
0.80464
0.79727
0.789504
0.781308
0.772645
0.763473
0.753747
0.743415
0.732422
0.720704
0.708192
0.694807
0.680462
0.665061
0.648497
0.630651
0.611391
0.590573
0.568041
0.543626
0.517149
0.488425
0.457271
0.423508
0.386983
0.34758
0.305245
0.260006
0.212006
0.161518
0.108963
0.0548991
0
1
0.999111
0.998126
0.997052
0.995892
0.994652
0.993336
0.991948
0.990492
0.988971
0.98739
0.985751
0.984057
0.982311
0.980514
0.97867
0.976779
0.974844
0.972866
0.970846
0.968786
0.966685
0.964545
0.962365
0.960148
0.957891
0.955596
0.953262
0.950889
0.948476
0.946022
0.943526
0.940988
0.938405
0.935777
0.933102
0.930377
0.927601
0.924771
0.921885
0.91894
0.915932
0.91286
0.909718
0.906504
0.903212
0.899839
0.89638
0.892829
0.889181
0.885429
0.881568
0.87759
0.873488
0.869253
0.864877
0.86035
0.855662
0.850802
0.845758
0.840517
0.835065
0.829386
0.823465
0.817282
0.810819
0.804054
0.796962
0.78952
0.781698
0.773466
0.76479
0.755632
0.745951
0.735703
0.724837
0.713297
0.701024
0.687951
0.674001
0.659095
0.643142
0.626043
0.607691
0.587967
0.566746
0.543893
0.519266
0.492718
0.464103
0.433281
0.400126
0.364535
0.326448
0.285856
0.242824
0.197507
0.150158
0.10114
0.0509084
0
1
0.99898
0.997864
0.996657
0.995365
0.993991
0.992539
0.991014
0.989419
0.987758
0.986034
0.98425
0.982409
0.980514
0.978567
0.976569
0.974524
0.972432
0.970295
0.968113
0.965889
0.963623
0.961316
0.958967
0.956578
0.954148
0.951678
0.949167
0.946614
0.944019
0.941381
0.938699
0.935972
0.933198
0.930377
0.927505
0.924581
0.921603
0.918569
0.915475
0.912319
0.909097
0.905806
0.902443
0.899002
0.895481
0.891873
0.888175
0.88438
0.880483
0.876477
0.872355
0.868111
0.863736
0.859222
0.854559
0.849739
0.84475
0.83958
0.834218
0.82865
0.822862
0.816838
0.810561
0.804013
0.797173
0.79002
0.782531
0.774679
0.766436
0.757772
0.748653
0.739041
0.728897
0.718176
0.70683
0.694806
0.682046
0.668484
0.654053
0.638675
0.622269
0.604743
0.586002
0.565941
0.544452
0.52142
0.496726
0.470253
0.441888
0.411525
0.379078
0.344484
0.307719
0.268806
0.227828
0.184939
0.14037
0.0944288
0.0474949
0
1
0.998844
0.997592
0.996249
0.994819
0.993307
0.991715
0.990049
0.988312
0.986507
0.984637
0.982706
0.980716
0.97867
0.976569
0.974417
0.972215
0.969964
0.967667
0.965323
0.962935
0.960503
0.958028
0.95551
0.952949
0.950346
0.947701
0.945012
0.94228
0.939504
0.936683
0.933816
0.930902
0.927939
0.924926
0.92186
0.918739
0.915562
0.912326
0.909027
0.905663
0.90223
0.898725
0.895144
0.891482
0.887735
0.883899
0.879966
0.875933
0.871793
0.86754
0.863165
0.858662
0.854023
0.849239
0.8443
0.839196
0.833917
0.82845
0.822784
0.816904
0.810795
0.804442
0.797828
0.790934
0.78374
0.776224
0.768362
0.760129
0.751496
0.742433
0.732908
0.722883
0.71232
0.701175
0.689403
0.676952
0.663767
0.649788
0.634951
0.619185
0.602414
0.584559
0.565532
0.545244
0.523602
0.500507
0.475865
0.449582
0.42157
0.391754
0.360077
0.326505
0.291039
0.253721
0.214643
0.173951
0.131852
0.0886111
0.0445425
0
1
0.998704
0.997311
0.995828
0.994256
0.992601
0.990867
0.989056
0.987173
0.985221
0.983202
0.981121
0.978979
0.976779
0.974524
0.972215
0.969854
0.967444
0.964984
0.962478
0.959925
0.957326
0.954683
0.951995
0.949263
0.946486
0.943666
0.940801
0.937891
0.934935
0.931932
0.928881
0.925781
0.92263
0.919427
0.916169
0.912854
0.909481
0.906045
0.902544
0.898976
0.895336
0.89162
0.887825
0.883947
0.87998
0.875919
0.871759
0.867494
0.863117
0.858623
0.854003
0.84925
0.844355
0.83931
0.834105
0.828729
0.823171
0.81742
0.811463
0.805285
0.798872
0.792208
0.785276
0.778056
0.770529
0.762673
0.754464
0.745878
0.736885
0.727457
0.717562
0.707163
0.696223
0.684702
0.672554
0.659731
0.646182
0.631851
0.616678
0.600598
0.583545
0.565445
0.546224
0.525803
0.504102
0.481043
0.456546
0.430538
0.402955
0.373744
0.34287
0.31032
0.276111
0.240297
0.202971
0.16427
0.124378
0.0835207
0.041964
0
1
0.998559
0.997022
0.995394
0.993677
0.991876
0.989994
0.988035
0.986003
0.9839
0.98173
0.979496
0.9772
0.974844
0.972432
0.969964
0.967444
0.964872
0.962249
0.959578
0.956859
0.954094
0.951282
0.948424
0.94552
0.942571
0.939576
0.936535
0.933447
0.930312
0.927128
0.923895
0.92061
0.917274
0.913882
0.910435
0.906928
0.90336
0.899729
0.896029
0.89226
0.888416
0.884495
0.880491
0.8764
0.872217
0.867938
0.863556
0.859065
0.85446
0.849732
0.844874
0.839879
0.834738
0.829442
0.82398
0.818343
0.81252
0.806497
0.800262
0.793802
0.7871
0.780142
0.77291
0.765385
0.757547
0.749375
0.740845
0.731932
0.72261
0.71285
0.702619
0.691884
0.680609
0.668755
0.656279
0.643137
0.62928
0.614656
0.599211
0.582886
0.565621
0.547353
0.528015
0.50754
0.485862
0.462915
0.438637
0.412971
0.385869
0.357298
0.327238
0.295693
0.262689
0.228286
0.192574
0.15568
0.117767
0.07903
0.0396928
0
1
0.998411
0.996725
0.994948
0.993081
0.99113
0.989098
0.986988
0.984803
0.982547
0.980222
0.977833
0.97538
0.972866
0.970295
0.967667
0.964984
0.962249
0.959463
0.956627
0.953741
0.950808
0.947826
0.944798
0.941723
0.938601
0.935431
0.932215
0.92895
0.925637
0.922273
0.918859
0.915392
0.911871
0.908294
0.904659
0.900963
0.897204
0.893379
0.889485
0.885518
0.881475
0.877351
0.873142
0.868844
0.864452
0.85996
0.855362
0.850652
0.845824
0.84087
0.835783
0.830554
0.825176
0.819638
0.813931
0.808044
0.801966
0.795685
0.789187
0.782459
0.775485
0.76825
0.760737
0.752926
0.744799
0.736334
0.727508
0.718297
0.708674
0.698612
0.68808
0.677045
0.665474
0.65333
0.640571
0.627157
0.613043
0.598182
0.582523
0.566014
0.548602
0.53023
0.510842
0.490381
0.468791
0.446019
0.422015
0.396738
0.370154
0.34224
0.312993
0.282423
0.250567
0.217483
0.183259
0.14801
0.111881
0.0750395
0.037677
0
1
0.998258
0.996421
0.99449
0.992471
0.990366
0.98818
0.985915
0.983575
0.981162
0.97868
0.976132
0.97352
0.970846
0.968113
0.965323
0.962478
0.959578
0.956627
0.953624
0.950571
0.947469
0.944318
0.941119
0.937872
0.934577
0.931234
0.927843
0.924402
0.920912
0.91737
0.913776
0.910128
0.906425
0.902664
0.898844
0.894961
0.891014
0.886999
0.882913
0.878752
0.874513
0.870192
0.865783
0.861283
0.856686
0.851987
0.847179
0.842257
0.837213
0.832041
0.826732
0.821279
0.815673
0.809904
0.803962
0.797837
0.791517
0.78499
0.778243
0.771261
0.764032
0.756537
0.748761
0.740685
0.732289
0.723554
0.714456
0.704972
0.695077
0.684744
0.673943
0.662643
0.650813
0.638417
0.625419
0.611778
0.597455
0.582405
0.566584
0.549946
0.532442
0.514024
0.494643
0.474251
0.452802
0.430254
0.406568
0.381713
0.355666
0.328417
0.299969
0.270341
0.239571
0.20772
0.174868
0.141122
0.106606
0.0714699
0.0358759
0
1
0.998102
0.996109
0.994022
0.991846
0.989584
0.98724
0.984817
0.982318
0.979746
0.977104
0.974395
0.971622
0.968786
0.965889
0.962935
0.959925
0.956859
0.953741
0.950571
0.94735
0.944079
0.940758
0.937388
0.933969
0.930502
0.926986
0.92342
0.919804
0.916137
0.912418
0.908646
0.904819
0.900936
0.896994
0.892991
0.888924
0.884792
0.88059
0.876315
0.871965
0.867534
0.86302
0.858416
0.853719
0.848923
0.844022
0.839011
0.833883
0.828631
0.823248
0.817726
0.812057
0.806232
0.800242
0.794076
0.787724
0.781174
0.774414
0.767432
0.760213
0.752743
0.745005
0.736985
0.728662
0.720019
0.711036
0.70169
0.691959
0.681819
0.671243
0.660204
0.648672
0.636618
0.624008
0.610808
0.596982
0.582492
0.5673
0.551364
0.534643
0.517096
0.49868
0.479354
0.459078
0.437814
0.415527
0.39219
0.367779
0.342281
0.315694
0.288025
0.2593
0.229558
0.198857
0.167273
0.134901
0.101853
0.068258
0.0342567
0
1
0.997943
0.995789
0.993543
0.991207
0.988784
0.98628
0.983695
0.981035
0.9783
0.975496
0.972623
0.969685
0.966685
0.963623
0.960503
0.957326
0.954094
0.950808
0.947469
0.944079
0.940637
0.937146
0.933606
0.930015
0.926376
0.922686
0.918947
0.915157
0.911315
0.90742
0.903471
0.899467
0.895405
0.891284
0.8871
0.882853
0.878538
0.874153
0.869694
0.865157
0.86054
0.855836
0.851042
0.846153
0.841164
0.836068
0.83086
0.825533
0.82008
0.814494
0.808767
0.802891
0.796857
0.790655
0.784276
0.777708
0.770941
0.763961
0.756757
0.749315
0.74162
0.733657
0.72541
0.71686
0.70799
0.69878
0.689209
0.679256
0.668896
0.658105
0.646857
0.635125
0.622879
0.610089
0.596724
0.58275
0.568133
0.552837
0.536828
0.520067
0.502519
0.484147
0.464916
0.444793
0.423747
0.401751
0.378784
0.354832
0.329886
0.303951
0.277038
0.249176
0.220404
0.190777
0.160366
0.129256
0.0975474
0.0653521
0.0327929
0
1
0.99778
0.995463
0.993053
0.990553
0.987967
0.985298
0.98255
0.979724
0.976825
0.973855
0.970816
0.967712
0.964545
0.961316
0.958028
0.954683
0.951282
0.947826
0.944318
0.940758
0.937146
0.933484
0.929772
0.926011
0.922199
0.918337
0.914424
0.910461
0.906445
0.902376
0.898252
0.894072
0.889834
0.885535
0.881175
0.876749
0.872254
0.867689
0.863049
0.858331
0.85353
0.848643
0.843664
0.838588
0.833411
0.828126
0.822727
0.817208
0.811562
0.805781
0.799858
0.793783
0.787549
0.781146
0.774564
0.767792
0.760819
0.753633
0.746221
0.73857
0.730666
0.722494
0.714037
0.705278
0.696201
0.686785
0.677011
0.666858
0.656304
0.645324
0.633895
0.62199
0.609583
0.596645
0.583148
0.56906
0.554351
0.53899
0.522943
0.506179
0.488666
0.470373
0.45127
0.43133
0.410529
0.388846
0.366265
0.342778
0.318382
0.293084
0.266902
0.239862
0.212004
0.183381
0.154058
0.12411
0.0936281
0.0627099
0.0314629
0
1
0.997613
0.995129
0.992553
0.989886
0.987133
0.984297
0.981381
0.978388
0.97532
0.972182
0.968975
0.965702
0.962365
0.958967
0.95551
0.951995
0.948424
0.944798
0.941119
0.937388
0.933606
0.929772
0.925889
0.921955
0.917972
0.913938
0.909853
0.905717
0.901528
0.897286
0.892988
0.888635
0.884222
0.879749
0.875214
0.870612
0.865942
0.8612
0.856383
0.851487
0.846507
0.84144
0.836281
0.831024
0.825665
0.820197
0.814614
0.80891
0.803078
0.79711
0.790998
0.784735
0.778311
0.771716
0.764942
0.757977
0.75081
0.74343
0.735824
0.727979
0.71988
0.711514
0.702865
0.693916
0.68465
0.675048
0.665093
0.654762
0.644036
0.632893
0.621308
0.609258
0.596718
0.583661
0.570062
0.555892
0.541123
0.525727
0.509675
0.49294
0.475493
0.457308
0.438362
0.41863
0.398094
0.376738
0.354553
0.331532
0.307679
0.283003
0.257522
0.231265
0.204271
0.176587
0.148273
0.119399
0.0900448
0.0602966
0.0302488
0
1
0.997443
0.994789
0.992042
0.989205
0.986282
0.983275
0.980189
0.977025
0.973787
0.970478
0.9671
0.963656
0.960148
0.956578
0.952949
0.949263
0.94552
0.941723
0.937872
0.933969
0.930015
0.926011
0.921955
0.91785
0.913695
0.909489
0.905233
0.900925
0.896564
0.89215
0.887681
0.883156
0.878571
0.873926
0.869218
0.864444
0.859601
0.854686
0.849696
0.844626
0.839472
0.83423
0.828896
0.823463
0.817928
0.812283
0.806523
0.800641
0.79463
0.788483
0.782191
0.775747
0.769142
0.762367
0.755411
0.748264
0.740915
0.733353
0.725566
0.71754
0.709262
0.700718
0.691893
0.68277
0.673334
0.663566
0.653448
0.642962
0.632087
0.620802
0.609086
0.596916
0.584269
0.571121
0.557447
0.543222
0.528421
0.513019
0.496991
0.480312
0.462958
0.444906
0.426138
0.406633
0.386378
0.365361
0.343575
0.321019
0.297699
0.273625
0.248819
0.223307
0.197126
0.170322
0.142948
0.115069
0.0867551
0.0580829
0.0291357
0
1
0.997269
0.994442
0.991522
0.988511
0.985414
0.982234
0.978974
0.975636
0.972225
0.968742
0.96519
0.961573
0.957891
0.954148
0.950346
0.946486
0.942571
0.938601
0.934577
0.930502
0.926376
0.922199
0.917972
0.913695
0.909368
0.904991
0.900564
0.896085
0.891554
0.88697
0.882331
0.877635
0.872881
0.868066
0.863188
0.858245
0.853232
0.848148
0.842987
0.837748
0.832424
0.827013
0.821508
0.815906
0.8102
0.804384
0.798453
0.7924
0.786218
0.779899
0.773436
0.766821
0.760044
0.753097
0.74597
0.738652
0.731133
0.723402
0.715446
0.707253
0.698811
0.690104
0.681118
0.671838
0.662249
0.652333
0.642073
0.631451
0.620448
0.609044
0.597219
0.584952
0.572221
0.559006
0.545282
0.531028
0.516221
0.500838
0.484858
0.468258
0.451019
0.433122
0.41455
0.395287
0.375324
0.354652
0.333267
0.311171
0.288372
0.264882
0.240721
0.215917
0.190504
0.164525
0.13803
0.111075
0.0837232
0.0560442
0.0281111
0
1
0.997092
0.994088
0.990991
0.987803
0.98453
0.981173
0.977736
0.974222
0.970634
0.966975
0.963247
0.959453
0.955596
0.951678
0.947701
0.943666
0.939576
0.935431
0.931234
0.926986
0.922686
0.918337
0.913938
0.909489
0.904991
0.900444
0.895846
0.891197
0.886497
0.881744
0.876936
0.872073
0.867151
0.862169
0.857124
0.852014
0.846835
0.841585
0.836259
0.830853
0.825365
0.819788
0.814119
0.808351
0.802481
0.796501
0.790405
0.784188
0.777842
0.77136
0.764733
0.757955
0.751016
0.743907
0.736619
0.729141
0.721464
0.713575
0.705463
0.697117
0.688523
0.679667
0.670537
0.661116
0.651391
0.641344
0.63096
0.62022
0.609109
0.597606
0.585693
0.573351
0.560559
0.547298
0.533548
0.519287
0.504496
0.489155
0.473244
0.456745
0.439639
0.421913
0.403551
0.384543
0.364879
0.344555
0.32357
0.301927
0.279635
0.256708
0.233166
0.209036
0.184349
0.159146
0.133471
0.107376
0.0809188
0.0541598
0.0271643
0
1
0.996912
0.993727
0.99045
0.987082
0.983628
0.980091
0.976475
0.972781
0.969014
0.965176
0.961269
0.957297
0.953262
0.949167
0.945012
0.940801
0.936535
0.932215
0.927843
0.92342
0.918947
0.914424
0.909853
0.905233
0.900564
0.895846
0.891079
0.886261
0.881393
0.876472
0.871498
0.866468
0.861381
0.856234
0.851025
0.845751
0.84041
0.834997
0.829509
0.823942
0.818293
0.812556
0.806727
0.8008
0.794771
0.788632
0.782379
0.776005
0.769502
0.762864
0.756083
0.74915
0.742058
0.734797
0.727358
0.71973
0.711905
0.70387
0.695615
0.687128
0.678396
0.669406
0.660145
0.650599
0.640753
0.630593
0.620101
0.609263
0.598061
0.586478
0.574496
0.562099
0.549266
0.535981
0.522224
0.507977
0.493222
0.477942
0.462118
0.445736
0.428781
0.411239
0.393099
0.374353
0.354994
0.33502
0.314431
0.293232
0.271434
0.24905
0.226101
0.20261
0.178611
0.154137
0.129232
0.103941
0.078316
0.0524119
0.0262865
0
1
0.996728
0.99336
0.989898
0.986347
0.98271
0.97899
0.97519
0.971314
0.967365
0.963345
0.959257
0.955104
0.950889
0.946614
0.94228
0.937891
0.933447
0.92895
0.924402
0.919804
0.915157
0.910461
0.905717
0.900925
0.896085
0.891197
0.886261
0.881276
0.876241
0.871154
0.866015
0.860821
0.85557
0.850261
0.844891
0.839456
0.833955
0.828383
0.822738
0.817014
0.811208
0.805316
0.799332
0.793251
0.787069
0.780779
0.774375
0.76785
0.761198
0.754412
0.747483
0.740405
0.733168
0.725764
0.718184
0.710418
0.702455
0.694286
0.6859
0.677284
0.668427
0.659316
0.649939
0.640282
0.630331
0.620072
0.609489
0.598568
0.587293
0.575648
0.563616
0.551181
0.538326
0.525035
0.51129
0.497075
0.482374
0.467171
0.451452
0.435202
0.418409
0.401063
0.383154
0.364676
0.345625
0.325999
0.305801
0.285037
0.263718
0.241858
0.219475
0.196595
0.173246
0.149461
0.125278
0.10074
0.0758924
0.0507851
0.0254698
0
1
0.996541
0.992985
0.989336
0.985598
0.981775
0.977868
0.973882
0.969821
0.965686
0.961481
0.95721
0.952874
0.948476
0.944019
0.939504
0.934935
0.930312
0.925637
0.920912
0.916137
0.911315
0.906445
0.901528
0.896564
0.891554
0.886497
0.881393
0.876241
0.87104
0.865788
0.860485
0.855129
0.849718
0.844249
0.83872
0.833128
0.827471
0.821744
0.815944
0.810068
0.80411
0.798067
0.791934
0.785705
0.779375
0.772939
0.76639
0.759722
0.752928
0.746001
0.738934
0.731718
0.724345
0.716808
0.709096
0.701201
0.693112
0.68482
0.676313
0.667581
0.658611
0.649393
0.639913
0.630159
0.620117
0.609774
0.599116
0.588128
0.576796
0.565105
0.553039
0.540584
0.527723
0.514442
0.500726
0.486559
0.471927
0.456817
0.441215
0.42511
0.408491
0.39135
0.373679
0.355473
0.33673
0.31745
0.297637
0.277298
0.256443
0.235087
0.213248
0.190949
0.168217
0.145082
0.121579
0.0977478
0.0736287
0.0492665
0.0247076
0
1
0.99635
0.992603
0.988764
0.984836
0.980821
0.976725
0.97255
0.9683
0.963977
0.959585
0.955127
0.950605
0.946022
0.941381
0.936683
0.931932
0.927128
0.922273
0.91737
0.912418
0.90742
0.902376
0.897286
0.89215
0.88697
0.881744
0.876472
0.871154
0.865788
0.860374
0.85491
0.849393
0.843823
0.838197
0.832512
0.826766
0.820956
0.815077
0.809127
0.803102
0.796997
0.790808
0.78453
0.778159
0.771688
0.765112
0.758424
0.75162
0.744691
0.737631
0.730432
0.723087
0.715588
0.707926
0.700092
0.692078
0.683873
0.675468
0.666852
0.658014
0.648945
0.639631
0.630061
0.620223
0.610104
0.599692
0.588972
0.577933
0.566559
0.554836
0.542752
0.530291
0.517441
0.504185
0.490512
0.476407
0.461859
0.446854
0.431382
0.415432
0.398996
0.382066
0.364638
0.346706
0.328272
0.309335
0.2899
0.269975
0.24957
0.228699
0.207381
0.185636
0.16349
0.140971
0.11811
0.0949433
0.0715081
0.0478444
0.0239941
0
1
0.996155
0.992214
0.988181
0.984058
0.979851
0.975561
0.971194
0.966751
0.962237
0.957655
0.953007
0.948297
0.943526
0.938699
0.933816
0.928881
0.923895
0.918859
0.913776
0.908646
0.903471
0.898252
0.892988
0.887681
0.882331
0.876936
0.871498
0.866015
0.860485
0.85491
0.849285
0.843611
0.837884
0.832103
0.826266
0.820368
0.814408
0.808382
0.802285
0.796116
0.789868
0.783538
0.777121
0.770612
0.764005
0.757295
0.750476
0.743541
0.736485
0.729299
0.721977
0.714511
0.706893
0.699115
0.691169
0.683045
0.674734
0.666226
0.657512
0.648581
0.639422
0.630024
0.620377
0.610468
0.600285
0.589816
0.579049
0.567971
0.556569
0.54483
0.532741
0.52029
0.507462
0.494246
0.48063
0.4666
0.452147
0.437259
0.421926
0.40614
0.389894
0.373182
0.355999
0.338344
0.320216
0.301617
0.282553
0.263031
0.243062
0.22266
0.201841
0.180625
0.159036
0.137101
0.114847
0.0923074
0.0695161
0.0465091
0.0233242
0
1
0.995957
0.991818
0.987586
0.983266
0.978861
0.974375
0.969812
0.965174
0.960466
0.95569
0.95085
0.945948
0.940988
0.935972
0.930902
0.925781
0.92061
0.915392
0.910128
0.904819
0.899467
0.894072
0.888635
0.883156
0.877635
0.872073
0.866468
0.860821
0.855129
0.849393
0.843611
0.83778
0.831899
0.825966
0.819978
0.813933
0.807826
0.801655
0.795417
0.789107
0.782721
0.776255
0.769704
0.763062
0.756326
0.749488
0.742543
0.735485
0.728307
0.721003
0.713565
0.705986
0.698258
0.690373
0.682323
0.674098
0.665691
0.657091
0.648289
0.639275
0.630038
0.620568
0.610855
0.600886
0.590652
0.580139
0.569337
0.558233
0.546816
0.535074
0.522993
0.510563
0.497772
0.484608
0.47106
0.457117
0.442769
0.428008
0.412823
0.397209
0.381159
0.364668
0.347733
0.330354
0.31253
0.294265
0.275564
0.256435
0.236888
0.216936
0.196597
0.175887
0.15483
0.133448
0.11177
0.0898233
0.0676397
0.0452518
0.0226936
0
1
0.995755
0.991414
0.98698
0.982459
0.977853
0.973167
0.968404
0.963567
0.958661
0.953689
0.948654
0.943558
0.938405
0.933198
0.927939
0.92263
0.917274
0.911871
0.906425
0.900936
0.895405
0.889834
0.884222
0.878571
0.872881
0.867151
0.861381
0.85557
0.849718
0.843823
0.837884
0.831899
0.825867
0.819784
0.813648
0.807458
0.801208
0.794897
0.78852
0.782074
0.775554
0.768957
0.762276
0.755508
0.748647
0.741687
0.734623
0.727448
0.720157
0.712741
0.705195
0.69751
0.68968
0.681696
0.673551
0.665235
0.656741
0.648058
0.639178
0.630091
0.620787
0.611256
0.601487
0.591471
0.581196
0.570652
0.559826
0.548709
0.537289
0.525555
0.513495
0.501098
0.488355
0.475254
0.461785
0.447939
0.433706
0.419079
0.404051
0.388614
0.372764
0.356498
0.339813
0.322708
0.305186
0.287249
0.268903
0.250156
0.231018
0.211502
0.191622
0.171397
0.150847
0.129993
0.108861
0.0874763
0.0658677
0.0440648
0.0220984
0
1
0.995549
0.991001
0.986362
0.981636
0.976825
0.971935
0.966969
0.96193
0.956823
0.951651
0.946418
0.941125
0.935777
0.930377
0.924926
0.919427
0.913882
0.908294
0.902664
0.896994
0.891284
0.885535
0.879749
0.873926
0.868066
0.862169
0.856234
0.850261
0.844249
0.838197
0.832103
0.825966
0.819784
0.813554
0.807274
0.800941
0.794552
0.788104
0.781593
0.775015
0.768366
0.761641
0.754837
0.747947
0.740967
0.733891
0.726714
0.719429
0.712029
0.704509
0.696862
0.68908
0.681155
0.673081
0.664849
0.656451
0.647878
0.639122
0.630174
0.621024
0.611663
0.602081
0.592268
0.582215
0.57191
0.561345
0.550508
0.539388
0.527976
0.516261
0.504233
0.491881
0.479196
0.466168
0.452788
0.439047
0.424938
0.410453
0.395586
0.380332
0.364686
0.348647
0.332211
0.31538
0.298156
0.280541
0.262543
0.244168
0.225426
0.20633
0.186894
0.167133
0.147067
0.126717
0.106104
0.0852532
0.06419
0.0429413
0.0215351
0
1
0.995338
0.990581
0.985732
0.980796
0.975777
0.970679
0.965506
0.960262
0.95495
0.949575
0.94414
0.938648
0.933102
0.927505
0.92186
0.916169
0.910435
0.904659
0.898844
0.892991
0.8871
0.881175
0.875214
0.869218
0.863188
0.857124
0.851025
0.844891
0.83872
0.832512
0.826266
0.819978
0.813648
0.807274
0.800852
0.79438
0.787855
0.781273
0.774632
0.767926
0.761152
0.754305
0.747382
0.740376
0.733283
0.726096
0.718812
0.711423
0.703923
0.696305
0.688564
0.680691
0.672681
0.664524
0.656213
0.647741
0.639099
0.630279
0.621271
0.612068
0.602659
0.593036
0.583189
0.573109
0.562786
0.55221
0.541371
0.53026
0.518866
0.507181
0.495194
0.482897
0.470279
0.457333
0.444051
0.430423
0.416445
0.402108
0.387409
0.372341
0.356903
0.341091
0.324905
0.308346
0.291416
0.274119
0.25646
0.238447
0.220089
0.201399
0.182389
0.163074
0.143473
0.123603
0.103485
0.0831426
0.0625977
0.0418753
0.0210008
0
1
0.995124
0.990152
0.985089
0.97994
0.974708
0.969398
0.964014
0.958561
0.953041
0.947459
0.941819
0.936124
0.930377
0.924581
0.918739
0.912854
0.906928
0.900963
0.894961
0.888924
0.882853
0.876749
0.870612
0.864444
0.858245
0.852014
0.845751
0.839456
0.833128
0.826766
0.820368
0.813933
0.807458
0.800941
0.79438
0.787772
0.781114
0.774403
0.767634
0.760805
0.753911
0.746947
0.739909
0.732792
0.725591
0.7183
0.710914
0.703427
0.695833
0.688125
0.680297
0.672341
0.664252
0.65602
0.647639
0.639101
0.630399
0.621523
0.612465
0.603217
0.59377
0.584115
0.574244
0.564147
0.553814
0.543237
0.532407
0.521314
0.509948
0.498302
0.486367
0.474132
0.461591
0.448736
0.435558
0.422052
0.40821
0.394027
0.379499
0.364622
0.349393
0.33381
0.317873
0.301583
0.284943
0.267957
0.25063
0.23297
0.214985
0.196687
0.178088
0.159203
0.140046
0.120636
0.100992
0.081134
0.0610829
0.0408615
0.0204926
0
1
0.994905
0.989714
0.984433
0.979066
0.973617
0.968091
0.962492
0.956825
0.951094
0.945302
0.939453
0.933552
0.927601
0.921603
0.915562
0.909481
0.90336
0.897204
0.891014
0.884792
0.878538
0.872254
0.865942
0.859601
0.853232
0.846835
0.84041
0.833955
0.827471
0.820956
0.814408
0.807826
0.801208
0.794552
0.787855
0.781114
0.774327
0.767489
0.760598
0.753649
0.746639
0.739562
0.732415
0.725192
0.717888
0.710499
0.703018
0.695439
0.687757
0.679965
0.672057
0.664026
0.655864
0.647565
0.639122
0.630527
0.621771
0.612848
0.603749
0.594465
0.584989
0.575312
0.565425
0.555319
0.544987
0.534418
0.523605
0.512539
0.501212
0.489614
0.477737
0.465575
0.453118
0.44036
0.427295
0.413915
0.400216
0.386192
0.371839
0.357155
0.342136
0.326782
0.311093
0.295071
0.278717
0.262036
0.245034
0.227718
0.210095
0.192177
0.173975
0.155502
0.136773
0.117804
0.0986133
0.0792182
0.0596386
0.039895
0.0200083
0
1
0.994681
0.989267
0.983763
0.978173
0.972503
0.966756
0.960939
0.955054
0.949107
0.943101
0.93704
0.930929
0.924771
0.918569
0.912326
0.906045
0.899729
0.893379
0.886999
0.88059
0.874153
0.867689
0.8612
0.854686
0.848148
0.841585
0.834997
0.828383
0.821744
0.815077
0.808382
0.801655
0.794897
0.788104
0.781273
0.774403
0.767489
0.760529
0.753519
0.746455
0.739332
0.732148
0.724896
0.717572
0.710172
0.702689
0.695119
0.687455
0.679691
0.671822
0.66384
0.65574
0.647514
0.639155
0.630657
0.622012
0.613211
0.604249
0.595116
0.585806
0.576309
0.566617
0.556723
0.546619
0.536295
0.525744
0.514957
0.503927
0.492645
0.481103
0.469294
0.457211
0.444846
0.432193
0.419246
0.405998
0.392446
0.378585
0.364411
0.349921
0.335115
0.31999
0.304548
0.28879
0.272718
0.256337
0.239653
0.222671
0.2054
0.18785
0.170032
0.151957
0.13364
0.115095
0.0963382
0.0773868
0.0582584
0.0389716
0.0195457
0
1
0.994452
0.98881
0.983078
0.977261
0.971364
0.965393
0.959352
0.953245
0.947078
0.940854
0.934578
0.928254
0.921885
0.915475
0.909027
0.902544
0.896029
0.889485
0.882913
0.876315
0.869694
0.863049
0.856383
0.849696
0.842987
0.836259
0.829509
0.822738
0.815944
0.809127
0.802285
0.795417
0.78852
0.781593
0.774632
0.767634
0.760598
0.753519
0.746393
0.739218
0.731988
0.7247
0.717349
0.70993
0.702438
0.694867
0.687213
0.679469
0.67163
0.66369
0.655642
0.647479
0.639196
0.630785
0.622239
0.613551
0.604714
0.59572
0.586562
0.577232
0.567723
0.558026
0.548133
0.538038
0.527731
0.517205
0.506453
0.495466
0.484238
0.47276
0.461026
0.449029
0.436762
0.42422
0.411396
0.398287
0.384886
0.371191
0.357198
0.342905
0.328311
0.313415
0.298218
0.282722
0.266928
0.250842
0.234469
0.217814
0.200885
0.183692
0.166245
0.148555
0.130634
0.112497
0.094158
0.0756323
0.0569365
0.0380875
0.0191027
0
1
0.994219
0.988343
0.982377
0.976328
0.970201
0.964
0.95773
0.951397
0.945005
0.93856
0.932064
0.925523
0.91894
0.912319
0.905663
0.898976
0.89226
0.885518
0.878752
0.871965
0.865157
0.858331
0.851487
0.844626
0.837748
0.830853
0.823942
0.817014
0.810068
0.803102
0.796116
0.789107
0.782074
0.775015
0.767926
0.760805
0.753649
0.746455
0.739218
0.731936
0.724603
0.717216
0.70977
0.70226
0.694681
0.687029
0.679297
0.671479
0.663571
0.655566
0.647458
0.63924
0.630906
0.622449
0.613863
0.60514
0.596273
0.587256
0.57808
0.568739
0.559224
0.549529
0.539646
0.529568
0.519286
0.508793
0.498083
0.487147
0.47598
0.464573
0.452921
0.441016
0.428854
0.416428
0.403733
0.390766
0.37752
0.363994
0.350185
0.336091
0.32171
0.307042
0.292088
0.276851
0.261331
0.245535
0.229465
0.21313
0.196535
0.179689
0.162601
0.145283
0.127746
0.110002
0.0920643
0.0739481
0.0556679
0.0372391
0.0186777
0
1
0.993979
0.987865
0.981661
0.975374
0.969011
0.962575
0.956072
0.949508
0.942887
0.936215
0.929495
0.922733
0.915932
0.909097
0.90223
0.895336
0.888416
0.881475
0.874513
0.867534
0.86054
0.85353
0.846507
0.839472
0.832424
0.825365
0.818293
0.811208
0.80411
0.796997
0.789868
0.782721
0.775554
0.768366
0.761152
0.753911
0.746639
0.739332
0.731988
0.724603
0.717172
0.70969
0.702154
0.694559
0.686899
0.67917
0.671365
0.66348
0.655509
0.647445
0.639283
0.631016
0.622639
0.614143
0.605523
0.596773
0.587884
0.57885
0.569664
0.560318
0.550807
0.541121
0.531255
0.521201
0.510951
0.500499
0.489838
0.478961
0.467861
0.456532
0.444968
0.433162
0.421109
0.408805
0.396244
0.383422
0.370336
0.356982
0.343358
0.329463
0.315295
0.300855
0.286143
0.271161
0.255912
0.2404
0.224629
0.208605
0.192335
0.175827
0.159088
0.142131
0.124964
0.107599
0.0900496
0.0723279
0.0544477
0.0364233
0.0182691
0
1
0.993734
0.987375
0.980928
0.974398
0.967792
0.961116
0.954375
0.947575
0.94072
0.933817
0.926869
0.919882
0.91286
0.905806
0.898725
0.89162
0.884495
0.877351
0.870192
0.86302
0.855836
0.848643
0.84144
0.83423
0.827013
0.819788
0.812556
0.805316
0.798067
0.790808
0.783538
0.776255
0.768957
0.761641
0.754305
0.746947
0.739562
0.732148
0.7247
0.717216
0.70969
0.702119
0.694498
0.686822
0.679086
0.671286
0.663414
0.655467
0.647439
0.639323
0.631113
0.622804
0.614389
0.605861
0.597215
0.588443
0.579539
0.570496
0.561306
0.551964
0.542463
0.532794
0.522952
0.512929
0.502719
0.492314
0.481709
0.470897
0.459872
0.448626
0.437156
0.425454
0.413517
0.401339
0.388915
0.376243
0.363318
0.350139
0.336702
0.323007
0.309052
0.294839
0.280367
0.265639
0.250657
0.235424
0.219946
0.204227
0.188274
0.172094
0.155695
0.139087
0.122279
0.105282
0.088107
0.0707662
0.0532719
0.0356372
0.0178754
0
1
0.993484
0.986873
0.980176
0.973398
0.966544
0.959622
0.952638
0.945596
0.938503
0.931363
0.924183
0.916966
0.909718
0.902443
0.895144
0.887825
0.880491
0.873142
0.865783
0.858416
0.851042
0.843664
0.836281
0.828896
0.821508
0.814119
0.806727
0.799332
0.791934
0.78453
0.777121
0.769704
0.762276
0.754837
0.747382
0.739909
0.732415
0.724896
0.717349
0.70977
0.702154
0.694498
0.686797
0.679045
0.671238
0.663372
0.655439
0.647436
0.639356
0.631194
0.622943
0.614597
0.606151
0.597599
0.588932
0.580146
0.571233
0.562187
0.553002
0.54367
0.534185
0.52454
0.514729
0.504745
0.494581
0.48423
0.473688
0.462947
0.452002
0.440846
0.429475
0.417883
0.406065
0.394018
0.381736
0.369216
0.356456
0.343453
0.330205
0.316711
0.302969
0.288982
0.274748
0.26027
0.245551
0.230594
0.215403
0.199983
0.18434
0.16848
0.152412
0.136144
0.119684
0.103043
0.0862304
0.0692578
0.0521365
0.0348784
0.0174954
0
1
0.993226
0.986359
0.979406
0.972372
0.965265
0.958092
0.950857
0.943568
0.936231
0.92885
0.921432
0.913982
0.906504
0.899002
0.891482
0.883947
0.8764
0.868844
0.861283
0.853719
0.846153
0.838588
0.831024
0.823463
0.815906
0.808351
0.8008
0.793251
0.785705
0.778159
0.770612
0.763062
0.755508
0.747947
0.740376
0.732792
0.725192
0.717572
0.70993
0.70226
0.694559
0.686822
0.679045
0.671223
0.663351
0.655423
0.647435
0.639381
0.631256
0.623053
0.614767
0.606392
0.597921
0.589349
0.580669
0.571875
0.562961
0.553919
0.544744
0.535429
0.525968
0.516353
0.506579
0.49664
0.486529
0.476239
0.465765
0.455101
0.444242
0.433182
0.421915
0.410437
0.398744
0.386831
0.374694
0.362331
0.349738
0.336913
0.323854
0.310561
0.297033
0.28327
0.269273
0.255044
0.240584
0.225898
0.210989
0.195862
0.180522
0.164975
0.149229
0.133292
0.11717
0.100875
0.0844139
0.0677982
0.0510381
0.0341443
0.0171278
0
1
0.992962
0.985831
0.978615
0.97132
0.963953
0.956521
0.949031
0.941489
0.933902
0.926275
0.918614
0.910925
0.903212
0.895481
0.887735
0.87998
0.872217
0.864452
0.856686
0.848923
0.841164
0.833411
0.825665
0.817928
0.8102
0.802481
0.794771
0.787069
0.779375
0.771688
0.764005
0.756326
0.748647
0.740967
0.733283
0.725591
0.717888
0.710172
0.702438
0.694681
0.686899
0.679086
0.671238
0.663351
0.655418
0.647435
0.639397
0.631298
0.623133
0.614895
0.60658
0.598181
0.589692
0.581107
0.57242
0.563625
0.554715
0.545684
0.536526
0.527235
0.517803
0.508226
0.498496
0.488607
0.478555
0.468332
0.457932
0.447352
0.436584
0.425623
0.414466
0.403107
0.391542
0.379767
0.367779
0.355574
0.343151
0.330506
0.317638
0.304547
0.291232
0.277693
0.26393
0.249947
0.235744
0.221325
0.206693
0.191853
0.17681
0.16157
0.146138
0.130523
0.114731
0.0987715
0.0826524
0.0663832
0.0499734
0.0334328
0.0167716
0
1
0.992691
0.985289
0.977803
0.970239
0.962605
0.954909
0.947157
0.939356
0.931513
0.923633
0.915724
0.907791
0.899839
0.891873
0.883899
0.875919
0.867938
0.85996
0.851987
0.844022
0.836068
0.828126
0.820197
0.812283
0.804384
0.796501
0.788632
0.780779
0.772939
0.765112
0.757295
0.749488
0.741687
0.733891
0.726096
0.7183
0.710499
0.702689
0.694867
0.687029
0.67917
0.671286
0.663372
0.655423
0.647435
0.639402
0.631319
0.623181
0.614982
0.606716
0.598377
0.58996
0.581459
0.572867
0.56418
0.555389
0.54649
0.537476
0.528342
0.51908
0.509685
0.50015
0.49047
0.480639
0.470651
0.460501
0.450181
0.439689
0.429017
0.418162
0.407119
0.395883
0.38445
0.372817
0.360981
0.348937
0.336685
0.324222
0.311546
0.298657
0.285554
0.272238
0.258709
0.244969
0.23102
0.216865
0.202506
0.187948
0.173196
0.158255
0.143131
0.127831
0.11236
0.0967278
0.0809412
0.0650088
0.0489394
0.0327419
0.0164257
0
1
0.992412
0.984732
0.976968
0.969128
0.961221
0.953252
0.945231
0.937164
0.929059
0.920922
0.912759
0.904576
0.89638
0.888175
0.879966
0.871759
0.863556
0.855362
0.847179
0.839011
0.83086
0.822727
0.814614
0.806523
0.798453
0.790405
0.782379
0.774375
0.76639
0.758424
0.750476
0.742543
0.734623
0.726714
0.718812
0.710914
0.703018
0.695119
0.687213
0.679297
0.671365
0.663414
0.655439
0.647435
0.639397
0.631319
0.623197
0.615025
0.606797
0.598508
0.590152
0.581724
0.573216
0.564624
0.555942
0.547162
0.53828
0.52929
0.520184
0.510958
0.501606
0.49212
0.482496
0.472729
0.462811
0.452738
0.442504
0.432105
0.421535
0.41079
0.399865
0.388756
0.377459
0.365971
0.354289
0.342409
0.330331
0.31805
0.305568
0.292881
0.279991
0.266897
0.2536
0.240101
0.226403
0.212507
0.198418
0.184138
0.169672
0.155024
0.140201
0.125208
0.110051
0.0947383
0.0792757
0.0636715
0.0479335
0.0320699
0.0160893
0
1
0.992125
0.984159
0.976109
0.967986
0.959796
0.951549
0.943251
0.934912
0.926537
0.918135
0.909712
0.901275
0.892829
0.88438
0.875933
0.867494
0.859065
0.850652
0.842257
0.833883
0.825533
0.817208
0.80891
0.800641
0.7924
0.784188
0.776005
0.76785
0.759722
0.75162
0.743541
0.735485
0.727448
0.719429
0.711423
0.703427
0.695439
0.687455
0.679469
0.671479
0.66348
0.655467
0.647436
0.639381
0.631298
0.623181
0.615025
0.606824
0.598574
0.590268
0.5819
0.573466
0.564958
0.556371
0.5477
0.538938
0.530079
0.521118
0.512048
0.502864
0.493559
0.484129
0.474567
0.464867
0.455026
0.445036
0.434893
0.424592
0.414128
0.403497
0.392695
0.381717
0.370559
0.35922
0.347694
0.335981
0.324077
0.311982
0.299693
0.287209
0.274531
0.261658
0.248592
0.235333
0.221883
0.208244
0.19442
0.180413
0.166228
0.151869
0.137341
0.122649
0.107799
0.0927982
0.077652
0.0623679
0.0469531
0.0314151
0.0157614
0
1
0.991829
0.983568
0.975225
0.966809
0.958329
0.949795
0.941213
0.932593
0.923943
0.91527
0.90658
0.897882
0.889181
0.880483
0.871793
0.863117
0.85446
0.845824
0.837213
0.828631
0.82008
0.811562
0.803078
0.79463
0.786218
0.777842
0.769502
0.761198
0.752928
0.744691
0.736485
0.728307
0.720157
0.712029
0.703923
0.695833
0.687757
0.679691
0.67163
0.663571
0.655509
0.647439
0.639356
0.631256
0.623133
0.614982
0.606797
0.598574
0.590306
0.581989
0.573616
0.565181
0.556679
0.548104
0.539449
0.53071
0.521881
0.512955
0.503926
0.494789
0.485539
0.476169
0.466674
0.457049
0.447288
0.437387
0.427339
0.417142
0.406789
0.396276
0.3856
0.374757
0.363742
0.352554
0.341188
0.329643
0.317917
0.306007
0.293912
0.281632
0.269166
0.256514
0.243677
0.230655
0.217452
0.204067
0.190505
0.176768
0.162859
0.148783
0.134544
0.120148
0.105599
0.090903
0.0760663
0.0610951
0.045996
0.0307758
0.0154415
0
1
0.991525
0.982959
0.974313
0.965596
0.956818
0.947987
0.939114
0.930206
0.921272
0.91232
0.903357
0.894392
0.885429
0.876477
0.86754
0.858623
0.849732
0.84087
0.832041
0.823248
0.814494
0.805781
0.79711
0.788483
0.779899
0.77136
0.762864
0.754412
0.746001
0.737631
0.729299
0.721003
0.712741
0.704509
0.696305
0.688125
0.679965
0.671822
0.66369
0.655566
0.647445
0.639323
0.631194
0.623053
0.614895
0.606716
0.598508
0.590268
0.581989
0.573666
0.565292
0.556863
0.548373
0.539815
0.531184
0.522474
0.513679
0.504794
0.495812
0.486729
0.477538
0.468234
0.458812
0.449267
0.439592
0.429784
0.419837
0.409747
0.399509
0.389119
0.378573
0.367868
0.356999
0.345965
0.334762
0.323387
0.311839
0.300116
0.288217
0.27614
0.263886
0.251455
0.238846
0.226061
0.213101
0.199968
0.186665
0.173193
0.159557
0.14576
0.131806
0.117699
0.103445
0.0890487
0.0745151
0.0598502
0.04506
0.0301507
0.0151286
0
1
0.99121
0.982331
0.973372
0.964345
0.955258
0.946123
0.936949
0.927744
0.918519
0.90928
0.900038
0.890798
0.881568
0.872355
0.863165
0.854003
0.844874
0.835783
0.826732
0.817726
0.808767
0.799858
0.790998
0.782191
0.773436
0.764733
0.756083
0.747483
0.738934
0.730432
0.721977
0.713565
0.705195
0.696862
0.688564
0.680297
0.672057
0.66384
0.655642
0.647458
0.639283
0.631113
0.622943
0.614767
0.60658
0.598377
0.590152
0.5819
0.573616
0.565292
0.556925
0.548507
0.540034
0.531499
0.522897
0.514222
0.505468
0.496629
0.4877
0.478676
0.46955
0.460318
0.450974
0.441513
0.43193
0.422219
0.412377
0.402399
0.392281
0.382017
0.371606
0.361042
0.350323
0.339445
0.328407
0.317205
0.305837
0.294302
0.282599
0.270727
0.258685
0.246473
0.234091
0.221541
0.208823
0.19594
0.182892
0.169683
0.156316
0.142794
0.12912
0.115299
0.101334
0.0872315
0.0729952
0.0586306
0.0441432
0.0295385
0.0148222
0
1
0.990885
0.981681
0.9724
0.963052
0.953648
0.944198
0.934714
0.925204
0.915678
0.906145
0.896615
0.887094
0.87759
0.868111
0.858662
0.84925
0.839879
0.830554
0.821279
0.812057
0.802891
0.793783
0.784735
0.775747
0.766821
0.757955
0.74915
0.740405
0.731718
0.723087
0.714511
0.705986
0.69751
0.68908
0.680691
0.672341
0.664026
0.65574
0.647479
0.63924
0.631016
0.622804
0.614597
0.606392
0.598181
0.58996
0.581724
0.573466
0.565181
0.556863
0.548507
0.540107
0.531657
0.523151
0.514583
0.505948
0.497241
0.488455
0.479584
0.470624
0.461569
0.452414
0.443153
0.433781
0.424294
0.414687
0.404955
0.395093
0.385098
0.374965
0.364691
0.354272
0.343705
0.332987
0.322115
0.311088
0.299902
0.288557
0.277051
0.265383
0.253553
0.241561
0.229406
0.217089
0.204612
0.191975
0.179181
0.166232
0.153131
0.139879
0.126482
0.112941
0.0992617
0.0854478
0.0715036
0.057434
0.0432438
0.0289379
0.0145216
0
1
0.990549
0.98101
0.971395
0.961715
0.951982
0.942208
0.932404
0.922579
0.912744
0.902908
0.893082
0.883272
0.873488
0.863736
0.854023
0.844355
0.834738
0.825176
0.815673
0.806232
0.796857
0.787549
0.778311
0.769142
0.760044
0.751016
0.742058
0.733168
0.724345
0.715588
0.706893
0.698258
0.68968
0.681155
0.672681
0.664252
0.655864
0.647514
0.639196
0.630906
0.622639
0.614389
0.606151
0.597921
0.589692
0.581459
0.573216
0.564958
0.556679
0.548373
0.540034
0.531657
0.523235
0.514764
0.506237
0.497648
0.488993
0.480264
0.471458
0.462568
0.453589
0.444515
0.435343
0.426066
0.41668
0.407179
0.397561
0.38782
0.377952
0.367953
0.35782
0.34755
0.337138
0.326582
0.31588
0.305029
0.294027
0.282873
0.271565
0.260102
0.248484
0.236711
0.224782
0.212698
0.20046
0.188068
0.175526
0.162834
0.149995
0.137011
0.123886
0.110622
0.0972239
0.0836943
0.0700376
0.056258
0.0423599
0.0283478
0.0142263
0
1
0.990201
0.980314
0.970354
0.960331
0.950259
0.940149
0.930014
0.919864
0.90971
0.899563
0.889432
0.879326
0.869253
0.859222
0.849239
0.83931
0.829442
0.819638
0.809904
0.800242
0.790655
0.781146
0.771716
0.762367
0.753097
0.743907
0.734797
0.725764
0.716808
0.707926
0.699115
0.690373
0.681696
0.673081
0.664524
0.65602
0.647565
0.639155
0.630785
0.622449
0.614143
0.605861
0.597599
0.589349
0.581107
0.572867
0.564624
0.556371
0.548104
0.539815
0.531499
0.523151
0.514764
0.506333
0.497852
0.489315
0.480717
0.472052
0.463315
0.4545
0.445602
0.436616
0.427537
0.418359
0.409079
0.399691
0.39019
0.380574
0.370837
0.360977
0.350988
0.340869
0.330615
0.320224
0.309693
0.299021
0.288205
0.277243
0.266134
0.254877
0.243471
0.231917
0.220213
0.208361
0.19636
0.184213
0.17192
0.159483
0.146904
0.134185
0.121329
0.108339
0.0952172
0.081968
0.0685945
0.0551006
0.0414901
0.0277671
0.0139357
0
1
0.98984
0.979593
0.969274
0.958896
0.948472
0.938016
0.927538
0.917052
0.90657
0.896101
0.885656
0.875245
0.864877
0.854559
0.8443
0.834105
0.82398
0.813931
0.803962
0.794076
0.784276
0.774564
0.764942
0.755411
0.74597
0.736619
0.727358
0.718184
0.709096
0.700092
0.691169
0.682323
0.673551
0.664849
0.656213
0.647639
0.639122
0.630657
0.622239
0.613863
0.605523
0.597215
0.588932
0.580669
0.57242
0.56418
0.555942
0.5477
0.539449
0.531184
0.522897
0.514583
0.506237
0.497852
0.489423
0.480943
0.472409
0.463813
0.45515
0.446416
0.437604
0.428711
0.419729
0.410656
0.401486
0.392214
0.382836
0.373349
0.363747
0.354028
0.344187
0.334222
0.324129
0.313906
0.303549
0.293057
0.282428
0.271659
0.260751
0.2497
0.238507
0.227172
0.215693
0.204072
0.192309
0.180404
0.168358
0.156174
0.143852
0.131396
0.118806
0.106086
0.0932384
0.0802659
0.067172
0.0539598
0.0406329
0.0271949
0.0136493
0
1
0.989465
0.978845
0.968154
0.957408
0.946619
0.935802
0.924971
0.914138
0.903315
0.892515
0.881747
0.871022
0.86035
0.849739
0.839196
0.828729
0.818343
0.808044
0.797837
0.787724
0.777708
0.767792
0.757977
0.748264
0.738652
0.729141
0.71973
0.710418
0.701201
0.692078
0.683045
0.674098
0.665235
0.656451
0.647741
0.639101
0.630527
0.622012
0.613551
0.60514
0.596773
0.588443
0.580146
0.571875
0.563625
0.555389
0.547162
0.538938
0.53071
0.522474
0.514222
0.505948
0.497648
0.489315
0.480943
0.472527
0.464062
0.45554
0.446958
0.438309
0.429589
0.420792
0.411914
0.40295
0.393894
0.384743
0.375492
0.366137
0.356675
0.3471
0.337411
0.327603
0.317674
0.307621
0.29744
0.287131
0.27669
0.266117
0.255409
0.244566
0.233586
0.22247
0.211217
0.199826
0.188298
0.176635
0.164835
0.152902
0.140836
0.12864
0.116314
0.103861
0.0912843
0.0785855
0.0657677
0.0528338
0.0397869
0.0266301
0.0133667
0
1
0.989076
0.978067
0.96699
0.955861
0.944694
0.933504
0.922306
0.911113
0.899939
0.888796
0.877695
0.866647
0.855662
0.84475
0.833917
0.823171
0.81252
0.801966
0.791517
0.781174
0.770941
0.760819
0.75081
0.740915
0.731133
0.721464
0.711905
0.702455
0.693112
0.683873
0.674734
0.665691
0.656741
0.647878
0.639099
0.630399
0.621771
0.613211
0.604714
0.596273
0.587884
0.579539
0.571233
0.562961
0.554715
0.54649
0.53828
0.530079
0.521881
0.513679
0.505468
0.497241
0.488993
0.480717
0.472409
0.464062
0.45567
0.447228
0.438731
0.430174
0.42155
0.412856
0.404085
0.395234
0.386298
0.377272
0.368152
0.358934
0.349614
0.340188
0.330654
0.321006
0.311244
0.301363
0.291361
0.281236
0.270986
0.260609
0.250103
0.239468
0.228703
0.217806
0.206777
0.195616
0.184324
0.172901
0.161347
0.149663
0.137852
0.125913
0.113849
0.101661
0.0893521
0.0769242
0.0643796
0.0517209
0.0389508
0.0260721
0.0130875
0
1
0.98867
0.977258
0.965779
0.954251
0.942691
0.931114
0.919535
0.90797
0.896432
0.884934
0.873489
0.862108
0.850802
0.83958
0.82845
0.81742
0.806497
0.795685
0.78499
0.774414
0.763961
0.753633
0.74343
0.733353
0.723402
0.713575
0.70387
0.694286
0.68482
0.675468
0.666226
0.657091
0.648058
0.639122
0.630279
0.621523
0.612848
0.604249
0.59572
0.587256
0.57885
0.570496
0.562187
0.553919
0.545684
0.537476
0.52929
0.521118
0.512955
0.504794
0.496629
0.488455
0.480264
0.472052
0.463813
0.45554
0.447228
0.438872
0.430466
0.422004
0.413483
0.404895
0.396238
0.387505
0.378692
0.369796
0.360811
0.351733
0.342559
0.333286
0.323909
0.314425
0.304831
0.295125
0.285304
0.275366
0.265308
0.255129
0.244827
0.234401
0.22385
0.213173
0.202369
0.191439
0.180382
0.169198
0.157888
0.146453
0.134894
0.123211
0.111407
0.0994821
0.0874391
0.0752796
0.0630056
0.0506195
0.0381234
0.0255198
0.0128112
0
1
0.988248
0.976414
0.964517
0.952575
0.940605
0.928625
0.916651
0.904699
0.892784
0.88092
0.869119
0.857395
0.845758
0.834218
0.822784
0.811463
0.800262
0.789187
0.778243
0.767432
0.756757
0.746221
0.735824
0.725566
0.715446
0.705463
0.695615
0.6859
0.676313
0.666852
0.657512
0.648289
0.639178
0.630174
0.621271
0.612465
0.603749
0.595116
0.586562
0.57808
0.569664
0.561306
0.553002
0.544744
0.536526
0.528342
0.520184
0.512048
0.503926
0.495812
0.4877
0.479584
0.471458
0.463315
0.45515
0.446958
0.438731
0.430466
0.422156
0.413796
0.405381
0.396905
0.388365
0.379755
0.371071
0.362307
0.353461
0.344529
0.335505
0.326387
0.317171
0.307853
0.298432
0.288904
0.279266
0.269516
0.259652
0.249673
0.239576
0.22936
0.219024
0.208567
0.197989
0.187288
0.176466
0.165521
0.154455
0.143267
0.131959
0.120531
0.108985
0.0973217
0.0855426
0.0736495
0.061644
0.049528
0.0373035
0.0249726
0.0125374
0
1
0.987807
0.975533
0.9632
0.950825
0.938429
0.92603
0.913645
0.901291
0.888985
0.876741
0.864574
0.852495
0.840517
0.82865
0.816904
0.805285
0.793802
0.782459
0.771261
0.760213
0.749315
0.73857
0.727979
0.71754
0.707253
0.697117
0.687128
0.677284
0.667581
0.658014
0.648581
0.639275
0.630091
0.621024
0.612068
0.603217
0.594465
0.585806
0.577232
0.568739
0.560318
0.551964
0.54367
0.535429
0.527235
0.51908
0.510958
0.502864
0.494789
0.486729
0.478676
0.470624
0.462568
0.4545
0.446416
0.438309
0.430174
0.422004
0.413796
0.405542
0.397239
0.38888
0.380462
0.371979
0.363428
0.354802
0.3461
0.337315
0.328445
0.319486
0.310434
0.301286
0.29204
0.282692
0.273239
0.26368
0.254012
0.244234
0.234343
0.224338
0.214219
0.203983
0.19363
0.18316
0.172572
0.161866
0.151043
0.140102
0.129044
0.11787
0.106581
0.0951772
0.0836604
0.0720317
0.0602928
0.048445
0.0364901
0.0244298
0.0122658
0
1
0.987346
0.974613
0.961823
0.948998
0.936157
0.92332
0.910507
0.897736
0.885024
0.872386
0.859839
0.847394
0.835065
0.822862
0.810795
0.798872
0.7871
0.775485
0.764032
0.752743
0.74162
0.730666
0.71988
0.709262
0.698811
0.688523
0.678396
0.668427
0.658611
0.648945
0.639422
0.630038
0.620787
0.611663
0.602659
0.59377
0.584989
0.576309
0.567723
0.559224
0.550807
0.542463
0.534185
0.525968
0.517803
0.509685
0.501606
0.493559
0.485539
0.477538
0.46955
0.461569
0.453589
0.445602
0.437604
0.429589
0.42155
0.413483
0.405381
0.397239
0.389052
0.380816
0.372524
0.364173
0.355759
0.347275
0.338719
0.330087
0.321374
0.312577
0.303693
0.294718
0.285649
0.276484
0.267219
0.257853
0.248383
0.238808
0.229125
0.219332
0.20943
0.199416
0.189289
0.17905
0.168696
0.158229
0.147649
0.136954
0.126146
0.115225
0.104191
0.0930458
0.08179
0.0704245
0.0589505
0.0473693
0.0356822
0.0238906
0.0119961
0
1
0.986863
0.97365
0.960383
0.947086
0.93378
0.920487
0.907228
0.894022
0.880888
0.867842
0.8549
0.842078
0.829386
0.816838
0.804442
0.792208
0.780142
0.76825
0.756537
0.745005
0.733657
0.722494
0.711514
0.700718
0.690104
0.679667
0.669406
0.659316
0.649393
0.639631
0.630024
0.620568
0.611256
0.602081
0.593036
0.584115
0.575312
0.566617
0.558026
0.549529
0.541121
0.532794
0.52454
0.516353
0.508226
0.50015
0.49212
0.484129
0.476169
0.468234
0.460318
0.452414
0.444515
0.436616
0.428711
0.420792
0.412856
0.404895
0.396905
0.38888
0.380816
0.372706
0.364546
0.356331
0.348058
0.339721
0.331316
0.32284
0.314288
0.305657
0.296943
0.288144
0.279256
0.270276
0.261201
0.25203
0.24276
0.233389
0.223915
0.214337
0.204653
0.194861
0.184961
0.174953
0.164835
0.154607
0.144268
0.133819
0.12326
0.112591
0.101813
0.0909253
0.0799293
0.0688257
0.0576154
0.0462994
0.0348787
0.0233545
0.0117278
0
1
0.986357
0.97264
0.958873
0.945082
0.93129
0.91752
0.903795
0.890136
0.876563
0.863093
0.849744
0.83653
0.823465
0.810561
0.797828
0.785276
0.77291
0.760737
0.748761
0.736985
0.72541
0.714037
0.702865
0.691893
0.681118
0.670537
0.660145
0.649939
0.639913
0.630061
0.620377
0.610855
0.601487
0.592268
0.583189
0.574244
0.565425
0.556723
0.548133
0.539646
0.531255
0.522952
0.514729
0.506579
0.498496
0.49047
0.482496
0.474567
0.466674
0.458812
0.450974
0.443153
0.435343
0.427537
0.419729
0.411914
0.404085
0.396238
0.388365
0.380462
0.372524
0.364546
0.356522
0.348449
0.340321
0.332134
0.323885
0.315568
0.307181
0.298719
0.290179
0.281559
0.272854
0.264062
0.25518
0.246207
0.237139
0.227974
0.218711
0.209348
0.199883
0.190315
0.180643
0.170866
0.160983
0.150994
0.140898
0.130695
0.120385
0.109968
0.0994439
0.0888132
0.0780763
0.0672337
0.0562862
0.0452343
0.0340789
0.0228208
0.0114608
0
1
0.985826
0.97158
0.957288
0.942979
0.928677
0.914408
0.900197
0.886065
0.872034
0.858124
0.844351
0.830733
0.817282
0.804013
0.790934
0.778056
0.765385
0.752926
0.740685
0.728662
0.71686
0.705278
0.693916
0.68277
0.671838
0.661116
0.650599
0.640282
0.630159
0.620223
0.610468
0.600886
0.591471
0.582215
0.573109
0.564147
0.555319
0.546619
0.538038
0.529568
0.521201
0.512929
0.504745
0.49664
0.488607
0.480639
0.472729
0.464867
0.457049
0.449267
0.441513
0.433781
0.426066
0.418359
0.410656
0.40295
0.395234
0.387505
0.379755
0.371979
0.364173
0.356331
0.348449
0.340521
0.332543
0.324511
0.31642
0.308267
0.300048
0.291759
0.283397
0.274958
0.266439
0.257838
0.249152
0.240378
0.231514
0.222557
0.213507
0.20436
0.195116
0.185773
0.176329
0.166785
0.157138
0.147389
0.137535
0.127578
0.117517
0.107352
0.0970816
0.0867074
0.076229
0.0656469
0.0549613
0.0441728
0.0332818
0.0222889
0.0111948
0
1
0.985267
0.970464
0.955621
0.940767
0.925931
0.91114
0.896419
0.881793
0.867285
0.852916
0.838704
0.824667
0.810819
0.797173
0.78374
0.770529
0.757547
0.744799
0.732289
0.720019
0.70799
0.696201
0.68465
0.673334
0.662249
0.651391
0.640753
0.630331
0.620117
0.610104
0.600285
0.590652
0.581196
0.57191
0.562786
0.553814
0.544987
0.536295
0.527731
0.519286
0.510951
0.502719
0.494581
0.486529
0.478555
0.470651
0.462811
0.455026
0.447288
0.439592
0.43193
0.424294
0.41668
0.409079
0.401486
0.393894
0.386298
0.378692
0.371071
0.363428
0.355759
0.348058
0.340321
0.332543
0.32472
0.316846
0.308919
0.300933
0.292886
0.284773
0.276591
0.268337
0.260008
0.2516
0.243111
0.234539
0.225881
0.217135
0.208298
0.19937
0.190348
0.181231
0.172018
0.162706
0.153296
0.143787
0.134177
0.124466
0.114654
0.10474
0.0947238
0.0846057
0.0743856
0.0640635
0.0536395
0.0431137
0.0324866
0.0217584
0.0109294
0
1
0.984678
0.969289
0.953865
0.938439
0.92304
0.9077
0.892446
0.877304
0.862298
0.847451
0.832783
0.818312
0.804054
0.79002
0.776224
0.762673
0.749375
0.736334
0.723554
0.711036
0.69878
0.686785
0.675048
0.663566
0.652333
0.641344
0.630593
0.620072
0.609774
0.599692
0.589816
0.580139
0.570652
0.561345
0.55221
0.543237
0.534418
0.525744
0.517205
0.508793
0.500499
0.492314
0.48423
0.476239
0.468332
0.460501
0.452738
0.445036
0.437387
0.429784
0.422219
0.414687
0.407179
0.399691
0.392214
0.384743
0.377272
0.369796
0.362307
0.354802
0.347275
0.339721
0.332134
0.324511
0.316846
0.309136
0.301375
0.293561
0.285689
0.277756
0.269758
0.261692
0.253554
0.245343
0.237054
0.228686
0.220237
0.211703
0.203082
0.194374
0.185576
0.176686
0.167703
0.158626
0.149454
0.140185
0.130819
0.121355
0.111792
0.10213
0.0923681
0.0825063
0.0725444
0.0624821
0.0523194
0.0420562
0.0316926
0.0212286
0.0106644
0
1
0.984056
0.968048
0.952011
0.935982
0.919992
0.904075
0.88826
0.872577
0.857052
0.841707
0.826566
0.811645
0.796962
0.782531
0.768362
0.754464
0.740845
0.727508
0.714456
0.70169
0.689209
0.677011
0.665093
0.653448
0.642073
0.63096
0.620101
0.609489
0.599116
0.588972
0.579049
0.569337
0.559826
0.550508
0.541371
0.532407
0.523605
0.514957
0.506453
0.498083
0.489838
0.481709
0.473688
0.465765
0.457932
0.450181
0.442504
0.434893
0.427339
0.419837
0.412377
0.404955
0.397561
0.39019
0.382836
0.375492
0.368152
0.360811
0.353461
0.3461
0.338719
0.331316
0.323885
0.31642
0.308919
0.301375
0.293786
0.286147
0.278454
0.270704
0.262893
0.255018
0.247075
0.239063
0.230977
0.222816
0.214577
0.206257
0.197855
0.189368
0.180795
0.172134
0.163384
0.154542
0.145608
0.136581
0.12746
0.118243
0.10893
0.0995198
0.0900125
0.0804072
0.0707036
0.0609012
0.0509998
0.0409991
0.0308989
0.0206991
0.0103995
0
1
0.983398
0.966735
0.950051
0.933384
0.916771
0.900246
0.883843
0.867593
0.851524
0.835661
0.820026
0.80464
0.78952
0.774679
0.760129
0.745878
0.731932
0.718297
0.704972
0.691959
0.679256
0.666858
0.654762
0.642962
0.631451
0.62022
0.609263
0.598568
0.588128
0.577933
0.567971
0.558233
0.548709
0.539388
0.53026
0.521314
0.512539
0.503927
0.495466
0.487147
0.478961
0.470897
0.462947
0.455101
0.447352
0.439689
0.432105
0.424592
0.417142
0.409747
0.402399
0.395093
0.38782
0.380574
0.373349
0.366137
0.358934
0.351733
0.344529
0.337315
0.330087
0.32284
0.315568
0.308267
0.300933
0.293561
0.286147
0.278687
0.271177
0.263613
0.255992
0.248311
0.240567
0.232756
0.224876
0.216924
0.208897
0.200794
0.192612
0.184349
0.176003
0.167572
0.159055
0.15045
0.141756
0.132972
0.124096
0.115127
0.106064
0.0969072
0.0876549
0.0783065
0.0688616
0.0593194
0.0496795
0.0399415
0.0301049
0.0201694
0.0101345
0
1
0.9827
0.965344
0.947975
0.930633
0.913361
0.896196
0.879174
0.862329
0.84569
0.829285
0.813139
0.79727
0.781698
0.766436
0.751496
0.736885
0.72261
0.708674
0.695077
0.681819
0.668896
0.656304
0.644036
0.632087
0.620448
0.609109
0.598061
0.587293
0.576796
0.566559
0.556569
0.546816
0.537289
0.527976
0.518866
0.509948
0.501212
0.492645
0.484238
0.47598
0.467861
0.459872
0.452002
0.444242
0.436584
0.429017
0.421535
0.414128
0.406789
0.399509
0.392281
0.385098
0.377952
0.370837
0.363747
0.356675
0.349614
0.342559
0.335505
0.328445
0.321374
0.314288
0.307181
0.300048
0.292886
0.285689
0.278454
0.271177
0.263853
0.256479
0.249052
0.241568
0.234025
0.226418
0.218746
0.211006
0.203195
0.19531
0.18735
0.179313
0.171195
0.162997
0.154715
0.146348
0.137895
0.129354
0.120725
0.112005
0.103194
0.0942901
0.0852934
0.0762026
0.0670168
0.0577354
0.0483575
0.0388826
0.0293099
0.019639
0.00986923
0
1
0.981959
0.963866
0.945769
0.927714
0.909744
0.891902
0.874228
0.856757
0.839522
0.822552
0.805872
0.789504
0.773466
0.757772
0.742433
0.727457
0.71285
0.698612
0.684744
0.671243
0.658105
0.645324
0.632893
0.620802
0.609044
0.597606
0.586478
0.575648
0.565105
0.554836
0.54483
0.535074
0.525555
0.516261
0.507181
0.498302
0.489614
0.481103
0.47276
0.464573
0.456532
0.448626
0.440846
0.433182
0.425623
0.418162
0.41079
0.403497
0.396276
0.389119
0.382017
0.374965
0.367953
0.360977
0.354028
0.3471
0.340188
0.333286
0.326387
0.319486
0.312577
0.305657
0.298719
0.291759
0.284773
0.277756
0.270704
0.263613
0.256479
0.249299
0.242069
0.234786
0.227446
0.220047
0.212586
0.20506
0.197466
0.189802
0.182066
0.174256
0.16637
0.158405
0.150359
0.142232
0.134022
0.125726
0.117344
0.108874
0.100315
0.0916664
0.0829262
0.0740937
0.0651679
0.0561478
0.0470326
0.0378214
0.0285133
0.0191076
0.0096034
0
1
0.98117
0.962293
0.943422
0.924608
0.905899
0.887342
0.868979
0.85085
0.832989
0.815428
0.798194
0.781308
0.76479
0.748653
0.732908
0.717562
0.702619
0.68808
0.673943
0.660204
0.646857
0.633895
0.621308
0.609086
0.597219
0.585693
0.574496
0.563616
0.553039
0.542752
0.532741
0.522993
0.513495
0.504233
0.495194
0.486367
0.477737
0.469294
0.461026
0.452921
0.444968
0.437156
0.429475
0.421915
0.414466
0.407119
0.399865
0.392695
0.3856
0.378573
0.371606
0.364691
0.35782
0.350988
0.344187
0.337411
0.330654
0.323909
0.317171
0.310434
0.303693
0.296943
0.290179
0.283397
0.276591
0.269758
0.262893
0.255992
0.249052
0.242069
0.235039
0.227959
0.220827
0.213638
0.20639
0.199081
0.191707
0.184267
0.176757
0.169176
0.161522
0.153793
0.145986
0.1381
0.130133
0.122084
0.113951
0.105733
0.0974273
0.089034
0.0805514
0.0719782
0.0633132
0.0545555
0.0457037
0.036757
0.0277143
0.0185746
0.0093368
0
1
0.980328
0.960614
0.940918
0.921296
0.901802
0.882487
0.863396
0.844573
0.826057
0.807878
0.790066
0.772645
0.755632
0.739041
0.722883
0.707163
0.691884
0.677045
0.662643
0.648672
0.635125
0.62199
0.609258
0.596916
0.584952
0.573351
0.562099
0.551181
0.540584
0.530291
0.52029
0.510563
0.501098
0.491881
0.482897
0.474132
0.465575
0.457211
0.449029
0.441016
0.433162
0.425454
0.417883
0.410437
0.403107
0.395883
0.388756
0.381717
0.374757
0.367868
0.361042
0.354272
0.34755
0.340869
0.334222
0.327603
0.321006
0.314425
0.307853
0.301286
0.294718
0.288144
0.281559
0.274958
0.268337
0.261692
0.255018
0.248311
0.241568
0.234786
0.227959
0.221087
0.214164
0.207188
0.200156
0.193066
0.185915
0.1787
0.171419
0.16407
0.156651
0.149158
0.141592
0.133949
0.126227
0.118426
0.110544
0.102578
0.0945275
0.0863911
0.0781672
0.0698545
0.0614515
0.0529571
0.04437
0.0356888
0.0269124
0.0180396
0.00906923
0
1
0.979426
0.958818
0.938241
0.917757
0.897427
0.877306
0.857446
0.837892
0.818685
0.799861
0.781449
0.763473
0.745951
0.728897
0.71232
0.696223
0.680609
0.665474
0.650813
0.636618
0.622879
0.609583
0.596718
0.584269
0.572221
0.560559
0.549266
0.538326
0.527723
0.517441
0.507462
0.497772
0.488355
0.479196
0.470279
0.461591
0.453118
0.444846
0.436762
0.428854
0.421109
0.413517
0.406065
0.398744
0.391542
0.38445
0.377459
0.370559
0.363742
0.356999
0.350323
0.343705
0.337138
0.330615
0.324129
0.317674
0.311244
0.304831
0.298432
0.29204
0.285649
0.279256
0.272854
0.266439
0.260008
0.253554
0.247075
0.240567
0.234025
0.227446
0.220827
0.214164
0.207454
0.200694
0.193882
0.187013
0.180087
0.1731
0.16605
0.158935
0.151752
0.144499
0.137174
0.129776
0.122302
0.11475
0.107119
0.099408
0.091614
0.0837358
0.075772
0.0677211
0.0595814
0.0513516
0.0430302
0.0346158
0.026107
0.0175024
0.00880049
0
1
0.978458
0.956891
0.935369
0.913964
0.892742
0.871765
0.851088
0.830762
0.810831
0.791332
0.772296
0.753747
0.735703
0.718176
0.701175
0.684702
0.668755
0.65333
0.638417
0.624008
0.610089
0.596645
0.583661
0.571121
0.559006
0.547298
0.535981
0.525035
0.514442
0.504185
0.494246
0.484608
0.475254
0.466168
0.457333
0.448736
0.44036
0.432193
0.42422
0.416428
0.408805
0.401339
0.394018
0.386831
0.379767
0.372817
0.365971
0.35922
0.352554
0.345965
0.339445
0.332987
0.326582
0.320224
0.313906
0.307621
0.301363
0.295125
0.288904
0.282692
0.276484
0.270276
0.264062
0.257838
0.2516
0.245343
0.239063
0.232756
0.226418
0.220047
0.213638
0.207188
0.200694
0.194153
0.187562
0.180919
0.17422
0.167464
0.160647
0.153767
0.146823
0.139811
0.13273
0.125578
0.118353
0.111053
0.103676
0.0962207
0.0886846
0.0810663
0.0733641
0.0655764
0.0577015
0.0497377
0.0416836
0.0335373
0.0252974
0.0169623
0.00853037
0
1
0.977417
0.954817
0.932281
0.909889
0.887714
0.865823
0.84428
0.823139
0.802446
0.782241
0.762556
0.743415
0.724837
0.70683
0.689403
0.672554
0.656279
0.640571
0.625419
0.610808
0.596724
0.583148
0.570062
0.557447
0.545282
0.533548
0.522224
0.51129
0.500726
0.490512
0.48063
0.47106
0.461785
0.452788
0.444051
0.435558
0.427295
0.419246
0.411396
0.403733
0.396244
0.388915
0.381736
0.374694
0.367779
0.360981
0.354289
0.347694
0.341188
0.334762
0.328407
0.322115
0.31588
0.309693
0.303549
0.29744
0.291361
0.285304
0.279266
0.273239
0.267219
0.261201
0.25518
0.249152
0.243111
0.237054
0.230977
0.224876
0.218746
0.212586
0.20639
0.200156
0.193882
0.187562
0.181196
0.17478
0.168311
0.161787
0.155206
0.148564
0.141861
0.135093
0.128258
0.121355
0.11438
0.107334
0.100212
0.093014
0.0857375
0.0783808
0.0709419
0.063419
0.0558105
0.0481144
0.040329
0.0324525
0.0244832
0.0164191
0.00825868
0
1
0.976292
0.952579
0.928951
0.905497
0.882299
0.859434
0.83697
0.814966
0.793472
0.77253
0.752172
0.732422
0.713297
0.694806
0.676952
0.659731
0.643137
0.627157
0.611778
0.596982
0.58275
0.56906
0.555892
0.543222
0.531028
0.519287
0.507977
0.497075
0.486559
0.476407
0.4666
0.457117
0.447939
0.439047
0.430423
0.422052
0.413915
0.405998
0.398287
0.390766
0.383422
0.376243
0.369216
0.362331
0.355574
0.348937
0.342409
0.335981
0.329643
0.323387
0.317205
0.311088
0.305029
0.299021
0.293057
0.287131
0.281236
0.275366
0.269516
0.26368
0.257853
0.25203
0.246207
0.240378
0.234539
0.228686
0.222816
0.216924
0.211006
0.20506
0.199081
0.193066
0.187013
0.180919
0.17478
0.168594
0.162357
0.156069
0.149725
0.143324
0.136864
0.130341
0.123754
0.117102
0.11038
0.103589
0.0967245
0.0897859
0.0827709
0.0756775
0.0685036
0.0612475
0.0539071
0.0464804
0.0389656
0.0313606
0.0236636
0.0158724
0.00798522
0
1
0.975074
0.950155
0.925346
0.900748
0.876452
0.852545
0.8291
0.806183
0.783846
0.762134
0.741079
0.720704
0.701024
0.682046
0.663767
0.646182
0.62928
0.613043
0.597455
0.582492
0.568133
0.554351
0.541123
0.528421
0.516221
0.504496
0.493222
0.482374
0.471927
0.461859
0.452147
0.442769
0.433706
0.424938
0.416445
0.40821
0.400216
0.392446
0.384886
0.37752
0.370336
0.363318
0.356456
0.349738
0.343151
0.336685
0.330331
0.324077
0.317917
0.311839
0.305837
0.299902
0.294027
0.288205
0.282428
0.27669
0.270986
0.265308
0.259652
0.254012
0.248383
0.24276
0.237139
0.231514
0.225881
0.220237
0.214577
0.208897
0.203195
0.197466
0.191707
0.185915
0.180087
0.17422
0.168311
0.162357
0.156356
0.150305
0.144202
0.138044
0.131829
0.125554
0.119217
0.112817
0.106351
0.0998163
0.0932115
0.0865344
0.0797828
0.0729546
0.0660478
0.0590603
0.05199
0.0448347
0.0375924
0.0302609
0.0228381
0.0153218
0.00770979
0
1
0.973749
0.94752
0.921431
0.895595
0.870118
0.845093
0.820603
0.796718
0.773496
0.750981
0.729206
0.708192
0.687951
0.668484
0.649788
0.631851
0.614656
0.598182
0.582405
0.5673
0.552837
0.53899
0.525727
0.513019
0.500838
0.489155
0.477942
0.467171
0.456817
0.446854
0.437259
0.428008
0.419079
0.410453
0.402108
0.394027
0.386192
0.378585
0.371191
0.363994
0.356982
0.350139
0.343453
0.336913
0.330506
0.324222
0.31805
0.311982
0.306007
0.300116
0.294302
0.288557
0.282873
0.277243
0.271659
0.266117
0.260609
0.255129
0.249673
0.244234
0.238808
0.233389
0.227974
0.222557
0.217135
0.211703
0.206257
0.200794
0.19531
0.189802
0.184267
0.1787
0.1731
0.167464
0.161787
0.156069
0.150305
0.144495
0.138634
0.132721
0.126753
0.120728
0.114644
0.108499
0.10229
0.0960144
0.0896711
0.0832574
0.0767713
0.0702105
0.0635728
0.056856
0.0500579
0.0431761
0.0362084
0.0291525
0.0220061
0.0147668
0.0074322
0
1
0.972302
0.944644
0.917162
0.889985
0.863231
0.837006
0.811401
0.786492
0.762339
0.738989
0.716472
0.694807
0.674001
0.654053
0.634951
0.616678
0.599211
0.582523
0.566584
0.551364
0.536828
0.522943
0.509675
0.496991
0.484858
0.473244
0.462118
0.451452
0.441215
0.431382
0.421926
0.412823
0.404051
0.395586
0.387409
0.379499
0.371839
0.364411
0.357198
0.350185
0.343358
0.336702
0.330205
0.323854
0.317638
0.311546
0.305568
0.299693
0.293912
0.288217
0.282599
0.277051
0.271565
0.266134
0.260751
0.255409
0.250103
0.244827
0.239576
0.234343
0.229125
0.223915
0.218711
0.213507
0.208298
0.203082
0.197855
0.192612
0.18735
0.182066
0.176757
0.171419
0.16605
0.160647
0.155206
0.149725
0.144202
0.138634
0.133018
0.127353
0.121635
0.115862
0.110033
0.104144
0.0981944
0.0921807
0.086101
0.0799531
0.0737346
0.0674434
0.061077
0.0546332
0.0481095
0.0415035
0.0348127
0.0280348
0.0211671
0.0142071
0.00715224
0
1
0.970715
0.941493
0.912489
0.883852
0.855715
0.828199
0.801402
0.775408
0.75028
0.726062
0.702785
0.680462
0.659095
0.638675
0.619185
0.600598
0.582886
0.566014
0.549946
0.534643
0.520067
0.506179
0.49294
0.480312
0.468258
0.456745
0.445736
0.435202
0.42511
0.415432
0.40614
0.397209
0.388614
0.380332
0.372341
0.364622
0.357155
0.349921
0.342905
0.336091
0.329463
0.323007
0.316711
0.310561
0.304547
0.298657
0.292881
0.287209
0.281632
0.27614
0.270727
0.265383
0.260102
0.254877
0.2497
0.244566
0.239468
0.234401
0.22936
0.224338
0.219332
0.214337
0.209348
0.20436
0.19937
0.194374
0.189368
0.184349
0.179313
0.174256
0.169176
0.16407
0.158935
0.153767
0.148564
0.143324
0.138044
0.132721
0.127353
0.121937
0.116471
0.110953
0.105381
0.0997517
0.0940631
0.0883131
0.0824993
0.0766194
0.0706709
0.0646515
0.0585588
0.0523903
0.0461434
0.0398156
0.0334043
0.0269068
0.0203203
0.0136422
0.00686971
0
1
0.968967
0.938023
0.907349
0.877117
0.84748
0.818571
0.790502
0.763359
0.737209
0.712096
0.688044
0.665061
0.643142
0.622269
0.602414
0.583545
0.565621
0.548602
0.532442
0.517096
0.502519
0.488666
0.475493
0.462958
0.451019
0.439639
0.428781
0.418409
0.408491
0.398996
0.389894
0.381159
0.372764
0.364686
0.356903
0.349393
0.342136
0.335115
0.328311
0.32171
0.315295
0.309052
0.302969
0.297033
0.291232
0.285554
0.279991
0.274531
0.269166
0.263886
0.258685
0.253553
0.248484
0.243471
0.238507
0.233586
0.228703
0.22385
0.219024
0.214219
0.20943
0.204653
0.199883
0.195116
0.190348
0.185576
0.180795
0.176003
0.171195
0.16637
0.161522
0.156651
0.151752
0.146823
0.141861
0.136864
0.131829
0.126753
0.121635
0.116471
0.11126
0.105999
0.100686
0.0953182
0.0898935
0.0844095
0.0788639
0.0732543
0.0675782
0.0618331
0.0560165
0.0501258
0.0441584
0.0381114
0.0319821
0.0257677
0.0194653
0.0130718
0.00658439
0
1
0.96703
0.934181
0.901668
0.869688
0.838417
0.808005
0.778574
0.750218
0.723003
0.696968
0.672133
0.648497
0.626043
0.604743
0.584559
0.565445
0.547353
0.53023
0.514024
0.49868
0.484147
0.470373
0.457308
0.444906
0.433122
0.421913
0.411239
0.401063
0.39135
0.382066
0.373182
0.364668
0.356498
0.348647
0.341091
0.33381
0.326782
0.31999
0.313415
0.307042
0.300855
0.294839
0.288982
0.28327
0.277693
0.272238
0.266897
0.261658
0.256514
0.251455
0.246473
0.241561
0.236711
0.231917
0.227172
0.22247
0.217806
0.213173
0.208567
0.203983
0.199416
0.194861
0.190315
0.185773
0.181231
0.176686
0.172134
0.167572
0.162997
0.158405
0.153793
0.149158
0.144499
0.139811
0.135093
0.130341
0.125554
0.120728
0.115862
0.110953
0.105999
0.100997
0.0959458
0.0908418
0.0856832
0.0804676
0.0751926
0.0698557
0.0644545
0.0589863
0.0534484
0.0478382
0.0421529
0.0363895
0.0305451
0.0246167
0.0186012
0.0124954
0.00629606
0
1
0.964871
0.929905
0.895354
0.861449
0.828394
0.796357
0.765471
0.735836
0.707515
0.680541
0.654924
0.630651
0.607691
0.586002
0.565532
0.546224
0.528015
0.510842
0.494643
0.479354
0.464916
0.45127
0.438362
0.426138
0.41455
0.403551
0.393099
0.383154
0.373679
0.364638
0.355999
0.347733
0.339813
0.332211
0.324905
0.317873
0.311093
0.304548
0.298218
0.292088
0.286143
0.280367
0.274748
0.269273
0.26393
0.258709
0.2536
0.248592
0.243677
0.238846
0.234091
0.229406
0.224782
0.220213
0.215693
0.211217
0.206777
0.202369
0.197989
0.19363
0.189289
0.184961
0.180643
0.176329
0.172018
0.167703
0.163384
0.159055
0.154715
0.150359
0.145986
0.141592
0.137174
0.13273
0.128258
0.123754
0.119217
0.114644
0.110033
0.105381
0.100686
0.0959458
0.0911579
0.0863201
0.08143
0.0764852
0.0714833
0.0664217
0.0612979
0.0561091
0.0508527
0.0455258
0.0401255
0.0346487
0.0290922
0.0234529
0.0177275
0.0119125
0.00600448
0
1
0.962449
0.925113
0.888293
0.852262
0.817252
0.783457
0.751019
0.72004
0.690578
0.662658
0.636272
0.611391
0.587967
0.565941
0.545244
0.525803
0.50754
0.490381
0.474251
0.459078
0.444793
0.43133
0.41863
0.406633
0.395287
0.384543
0.374353
0.364676
0.355473
0.346706
0.338344
0.330354
0.322708
0.31538
0.308346
0.301583
0.295071
0.28879
0.282722
0.276851
0.271161
0.265639
0.26027
0.255044
0.249947
0.244969
0.240101
0.235333
0.230655
0.226061
0.221541
0.217089
0.212698
0.208361
0.204072
0.199826
0.195616
0.191439
0.187288
0.18316
0.17905
0.174953
0.170866
0.166785
0.162706
0.158626
0.154542
0.15045
0.146348
0.142232
0.1381
0.133949
0.129776
0.125578
0.121355
0.117102
0.112817
0.108499
0.104144
0.0997517
0.0953182
0.0908418
0.0863201
0.0817509
0.0771317
0.0724601
0.0677338
0.06295
0.0581063
0.0531997
0.0482276
0.0431869
0.0380746
0.0328875
0.0276222
0.0222753
0.0168433
0.0113226
0.00570941
0
1
0.959712
0.919706
0.880345
0.841951
0.804798
0.769098
0.735009
0.702627
0.672001
0.643139
0.616014
0.590573
0.566746
0.544452
0.523602
0.504102
0.485862
0.468791
0.452802
0.437814
0.423747
0.410529
0.398094
0.386378
0.375324
0.364879
0.354994
0.345625
0.33673
0.328272
0.320216
0.31253
0.305186
0.298156
0.291416
0.284943
0.278717
0.272718
0.266928
0.261331
0.255912
0.250657
0.245551
0.240584
0.235744
0.23102
0.226403
0.221883
0.217452
0.213101
0.208823
0.204612
0.20046
0.19636
0.192309
0.188298
0.184324
0.180382
0.176466
0.172572
0.168696
0.164835
0.160983
0.157138
0.153296
0.149454
0.145608
0.141756
0.137895
0.134022
0.130133
0.126227
0.122302
0.118353
0.11438
0.11038
0.106351
0.10229
0.0981944
0.0940631
0.0898935
0.0856832
0.08143
0.0771317
0.0727858
0.06839
0.0639417
0.0594385
0.0548775
0.050256
0.0455711
0.0408197
0.0359986
0.0311045
0.0261338
0.0210829
0.015948
0.0107252
0.00541056
0
1
0.956592
0.913555
0.871328
0.830301
0.790788
0.753031
0.71719
0.683357
0.651561
0.621784
0.593972
0.568041
0.543893
0.52142
0.500507
0.481043
0.462915
0.446019
0.430254
0.415527
0.401751
0.388846
0.376738
0.365361
0.354652
0.344555
0.33502
0.325999
0.31745
0.309335
0.301617
0.294265
0.287249
0.280541
0.274119
0.267957
0.262036
0.256337
0.250842
0.245535
0.2404
0.235424
0.230594
0.225898
0.221325
0.216865
0.212507
0.208244
0.204067
0.199968
0.19594
0.191975
0.188068
0.184213
0.180404
0.176635
0.172901
0.169198
0.165521
0.161866
0.158229
0.154607
0.150994
0.147389
0.143787
0.140185
0.136581
0.132972
0.129354
0.125726
0.122084
0.118426
0.11475
0.111053
0.107334
0.103589
0.0998163
0.0960144
0.0921807
0.0883131
0.0844095
0.0804676
0.0764852
0.0724601
0.06839
0.0642724
0.0601048
0.0558847
0.0516093
0.0472758
0.0428812
0.0384223
0.0338958
0.0292981
0.0246256
0.0198745
0.0150405
0.0101197
0.00510763
0
1
0.953003
0.906492
0.861013
0.817034
0.774924
0.734947
0.697264
0.661949
0.629002
0.598366
0.569947
0.543626
0.519266
0.496726
0.475865
0.456546
0.438637
0.422015
0.406568
0.39219
0.378784
0.366265
0.354553
0.343575
0.333267
0.32357
0.314431
0.305801
0.297637
0.2899
0.282553
0.275564
0.268903
0.262543
0.25646
0.25063
0.245034
0.239653
0.234469
0.229465
0.224629
0.219946
0.215403
0.210989
0.206693
0.202506
0.198418
0.19442
0.190505
0.186665
0.182892
0.179181
0.175526
0.17192
0.168358
0.164835
0.161347
0.157888
0.154455
0.151043
0.147649
0.144268
0.140898
0.137535
0.134177
0.130819
0.12746
0.124096
0.120725
0.117344
0.113951
0.110544
0.107119
0.103676
0.100212
0.0967245
0.0932115
0.0896711
0.086101
0.0824993
0.0788639
0.0751926
0.0714833
0.0677338
0.0639417
0.0601048
0.0562205
0.0522863
0.0482993
0.0442568
0.0401557
0.0359926
0.0317641
0.0274666
0.0230962
0.0186488
0.01412
0.00950538
0.00480029
0
1
0.948826
0.898298
0.849099
0.801799
0.756828
0.714468
0.674871
0.638074
0.60403
0.57263
0.543726
0.517149
0.492718
0.470253
0.449582
0.430538
0.412971
0.396738
0.381713
0.367779
0.354832
0.342778
0.331532
0.321019
0.311171
0.301927
0.293232
0.285037
0.277298
0.269975
0.263031
0.256435
0.250156
0.244168
0.238447
0.23297
0.227718
0.222671
0.217814
0.21313
0.208605
0.204227
0.199983
0.195862
0.191853
0.187948
0.184138
0.180413
0.176768
0.173193
0.169683
0.166232
0.162834
0.159483
0.156174
0.152902
0.149663
0.146453
0.143267
0.140102
0.136954
0.133819
0.130695
0.127578
0.124466
0.121355
0.118243
0.115127
0.112005
0.108874
0.105733
0.102578
0.099408
0.0962207
0.093014
0.0897859
0.0865344
0.0832574
0.0799531
0.0766194
0.0732543
0.0698557
0.0664217
0.06295
0.0594385
0.0558847
0.0522863
0.0486406
0.044945
0.0411965
0.0373921
0.0335283
0.0296016
0.0256081
0.0215439
0.0174045
0.0131853
0.00888156
0.00448817
0
1
0.943903
0.888674
0.835185
0.784135
0.736019
0.691127
0.649577
0.611346
0.576314
0.544298
0.515079
0.488425
0.464103
0.441888
0.42157
0.402955
0.385869
0.370154
0.355666
0.342281
0.329886
0.318382
0.307679
0.297699
0.288372
0.279635
0.271434
0.263718
0.256443
0.24957
0.243062
0.236888
0.231018
0.225426
0.220089
0.214985
0.210095
0.2054
0.200885
0.196535
0.192335
0.188274
0.18434
0.180522
0.17681
0.173196
0.169672
0.166228
0.162859
0.159557
0.156316
0.153131
0.149995
0.146904
0.143852
0.140836
0.137852
0.134894
0.131959
0.129044
0.126146
0.12326
0.120385
0.117517
0.114654
0.111792
0.10893
0.106064
0.103194
0.100315
0.0974273
0.0945275
0.091614
0.0886846
0.0857375
0.0827709
0.0797828
0.0767713
0.0737346
0.0706709
0.0675782
0.0644545
0.0612979
0.0581063
0.0548775
0.0516093
0.0482993
0.044945
0.0415436
0.0380923
0.0345878
0.0310269
0.0274057
0.0237205
0.0199668
0.01614
0.0122353
0.00824738
0.00417082
0
1
0.93801
0.877211
0.818733
0.763438
0.711885
0.664346
0.620864
0.581319
0.545483
0.513069
0.483768
0.457271
0.433281
0.411525
0.391754
0.373744
0.357298
0.34224
0.328417
0.315694
0.303951
0.293084
0.283003
0.273625
0.264882
0.256708
0.24905
0.241858
0.235087
0.228699
0.22266
0.216936
0.211502
0.20633
0.201399
0.196687
0.192177
0.18785
0.183692
0.179689
0.175827
0.172094
0.16848
0.164975
0.16157
0.158255
0.155024
0.151869
0.148783
0.14576
0.142794
0.139879
0.137011
0.134185
0.131396
0.12864
0.125913
0.123211
0.120531
0.11787
0.115225
0.112591
0.109968
0.107352
0.10474
0.10213
0.0995198
0.0969072
0.0942901
0.0916664
0.089034
0.0863911
0.0837358
0.0810663
0.0783808
0.0756775
0.0729546
0.0702105
0.0674434
0.0646515
0.0618331
0.0589863
0.0561091
0.0531997
0.050256
0.0472758
0.0442568
0.0411965
0.0380923
0.0349412
0.0317402
0.0284857
0.0251741
0.0218013
0.0183627
0.0148535
0.0112684
0.00760184
0.00384776
0
1
0.930828
0.863327
0.798997
0.7389
0.683636
0.633406
0.588115
0.547484
0.511128
0.478626
0.449553
0.423508
0.400126
0.379078
0.360077
0.34287
0.327238
0.312993
0.299969
0.288025
0.277038
0.266902
0.257522
0.248819
0.240721
0.233166
0.226101
0.219475
0.213248
0.207381
0.201841
0.196597
0.191622
0.186894
0.182389
0.178088
0.173975
0.170032
0.166245
0.162601
0.159088
0.155695
0.152412
0.149229
0.146138
0.143131
0.140201
0.137341
0.134544
0.131806
0.12912
0.126482
0.123886
0.121329
0.118806
0.116314
0.113849
0.111407
0.108985
0.106581
0.104191
0.101813
0.0994439
0.0970816
0.0947238
0.0923681
0.0900125
0.0876549
0.0852934
0.0829262
0.0805514
0.0781672
0.075772
0.0733641
0.0709419
0.0685036
0.0660478
0.0635728
0.061077
0.0585588
0.0560165
0.0534484
0.0508527
0.0482276
0.0455711
0.0428812
0.0401557
0.0373921
0.0345878
0.0317402
0.028846
0.0259018
0.0229038
0.0198479
0.0167293
0.0135429
0.0102831
0.00694381
0.00351838
0
1
0.921874
0.846173
0.774927
0.70943
0.650255
0.597426
0.550607
0.509272
0.472821
0.440654
0.412209
0.386983
0.364535
0.344484
0.326505
0.31032
0.295693
0.282423
0.270341
0.2593
0.249176
0.239862
0.231265
0.223307
0.215917
0.209036
0.20261
0.196595
0.190949
0.185636
0.180625
0.175887
0.171397
0.167133
0.163074
0.159203
0.155502
0.151957
0.148555
0.145283
0.142131
0.139087
0.136144
0.133292
0.130523
0.127831
0.125208
0.122649
0.120148
0.117699
0.115299
0.112941
0.110622
0.108339
0.106086
0.103861
0.101661
0.0994821
0.0973217
0.0951772
0.0930458
0.0909253
0.0888132
0.0867074
0.0846057
0.0825063
0.0804072
0.0783065
0.0762026
0.0740937
0.0719782
0.0698545
0.0677211
0.0655764
0.063419
0.0612475
0.0590603
0.056856
0.0546332
0.0523903
0.0501258
0.0478382
0.0455258
0.0431869
0.0408197
0.0384223
0.0359926
0.0335283
0.0310269
0.0284857
0.0259018
0.0232716
0.0205915
0.0178571
0.0150637
0.0122058
0.00927741
0.00627188
0.00318197
0
1
0.910395
0.824464
0.74501
0.673535
0.610428
0.555336
0.507515
0.466076
0.43013
0.398859
0.371546
0.34758
0.326448
0.307719
0.291039
0.276111
0.262689
0.250567
0.239571
0.229558
0.220404
0.212004
0.204271
0.197126
0.190504
0.184349
0.178611
0.173246
0.168217
0.16349
0.159036
0.15483
0.150847
0.147067
0.143473
0.140046
0.136773
0.13364
0.130634
0.127746
0.124964
0.122279
0.119684
0.11717
0.114731
0.11236
0.110051
0.107799
0.105599
0.103445
0.101334
0.0992617
0.0972239
0.0952172
0.0932384
0.0912843
0.0893521
0.0874391
0.0855426
0.0836604
0.08179
0.0799293
0.0780763
0.076229
0.0743856
0.0725444
0.0707036
0.0688616
0.0670168
0.0651679
0.0633132
0.0614515
0.0595814
0.0577015
0.0558105
0.0539071
0.05199
0.0500579
0.0481095
0.0461434
0.0441584
0.0421529
0.0401255
0.0380746
0.0359986
0.0338958
0.0317641
0.0296016
0.0274057
0.0251741
0.0229038
0.0205915
0.0182335
0.0158254
0.0133626
0.0108392
0.00824883
0.00558434
0.00283763
0
1
0.895143
0.796177
0.707013
0.629174
0.562486
0.505874
0.45794
0.417288
0.382665
0.353006
0.327437
0.305245
0.285856
0.268806
0.253721
0.240297
0.228286
0.217483
0.20772
0.198857
0.190777
0.183381
0.176587
0.170322
0.164525
0.159146
0.154137
0.149461
0.145082
0.140971
0.137101
0.133448
0.129993
0.126717
0.123603
0.120636
0.117804
0.115095
0.112497
0.110002
0.107599
0.105282
0.103043
0.100875
0.0987715
0.0967278
0.0947383
0.0927982
0.090903
0.0890487
0.0872315
0.0854478
0.0836943
0.081968
0.0802659
0.0785855
0.0769242
0.0752796
0.0736495
0.0720317
0.0704245
0.0688257
0.0672337
0.0656469
0.0640635
0.0624821
0.0609012
0.0593194
0.0577354
0.0561478
0.0545555
0.0529571
0.0513516
0.0497377
0.0481144
0.0464804
0.0448347
0.0431761
0.0415035
0.0398156
0.0381114
0.0363895
0.0346487
0.0328875
0.0311045
0.0292981
0.0274666
0.0256081
0.0237205
0.0218013
0.0198479
0.0178571
0.0158254
0.0137487
0.0116219
0.00943945
0.00719444
0.00487903
0.00248422
0
1
0.873901
0.757989
0.657589
0.573563
0.504368
0.447633
0.400984
0.362372
0.330134
0.302964
0.27985
0.260006
0.242824
0.227828
0.214643
0.202971
0.192574
0.183259
0.174868
0.167273
0.160366
0.154058
0.148273
0.142948
0.13803
0.133471
0.129232
0.125278
0.121579
0.11811
0.114847
0.11177
0.108861
0.106104
0.103485
0.100992
0.0986133
0.0963382
0.094158
0.0920643
0.0900496
0.088107
0.0862304
0.0844139
0.0826524
0.0809412
0.0792757
0.077652
0.0760663
0.0745151
0.0729952
0.0715036
0.0700376
0.0685945
0.067172
0.0657677
0.0643796
0.0630056
0.061644
0.0602928
0.0589505
0.0576154
0.0562862
0.0549613
0.0536395
0.0523194
0.0509998
0.0496795
0.0483575
0.0470326
0.0457037
0.04437
0.0430302
0.0416836
0.040329
0.0389656
0.0375924
0.0362084
0.0348127
0.0334043
0.0319821
0.0305451
0.0290922
0.0276222
0.0261338
0.0246256
0.0230962
0.0215439
0.0199668
0.0183627
0.0167293
0.0150637
0.0133626
0.0116219
0.0098371
0.00800227
0.00611045
0.00415313
0.00212021
0
1
0.842374
0.704187
0.59169
0.503022
0.433691
0.379204
0.335893
0.300981
0.272435
0.248767
0.228892
0.212006
0.197507
0.184939
0.173951
0.16427
0.15568
0.14801
0.141122
0.134901
0.129256
0.12411
0.119399
0.115069
0.111075
0.107376
0.103941
0.10074
0.0977478
0.0949433
0.0923074
0.0898233
0.0874763
0.0852532
0.0831426
0.081134
0.0792182
0.0773868
0.0756323
0.0739481
0.0723279
0.0707662
0.0692578
0.0677982
0.0663832
0.0650088
0.0636715
0.0623679
0.0610951
0.0598502
0.0586306
0.057434
0.056258
0.0551006
0.0539598
0.0528338
0.0517209
0.0506195
0.049528
0.048445
0.0473693
0.0462994
0.0452343
0.0441728
0.0431137
0.0420562
0.0409991
0.0399415
0.0388826
0.0378214
0.036757
0.0356888
0.0346158
0.0335373
0.0324525
0.0313606
0.0302609
0.0291525
0.0280348
0.0269068
0.0257677
0.0246167
0.0234529
0.0222753
0.0210829
0.0198745
0.0186488
0.0174045
0.01614
0.0148535
0.0135429
0.0122058
0.0108392
0.00943945
0.00800227
0.00652211
0.00499195
0.00340285
0.0017435
0
1
0.791306
0.624597
0.501864
0.413043
0.34807
0.299501
0.2623
0.233127
0.209756
0.190677
0.174845
0.161518
0.150158
0.14037
0.131852
0.124378
0.117767
0.111881
0.106606
0.101853
0.0975474
0.0936281
0.0900448
0.0867551
0.0837232
0.0809188
0.078316
0.0758924
0.0736287
0.0715081
0.0695161
0.0676397
0.0658677
0.06419
0.0625977
0.0610829
0.0596386
0.0582584
0.0569365
0.0556679
0.0544477
0.0532719
0.0521365
0.0510381
0.0499734
0.0489394
0.0479335
0.0469531
0.045996
0.04506
0.0441432
0.0432438
0.0423599
0.0414901
0.0406329
0.0397869
0.0389508
0.0381234
0.0373035
0.0364901
0.0356822
0.0348787
0.0340789
0.0332818
0.0324866
0.0316926
0.0308989
0.0301049
0.0293099
0.0285133
0.0277143
0.0269124
0.026107
0.0252974
0.0244832
0.0236636
0.0228381
0.0220061
0.0211671
0.0203203
0.0194653
0.0186012
0.0177275
0.0168433
0.015948
0.0150405
0.01412
0.0131853
0.0122353
0.0112684
0.0102831
0.00927741
0.00824883
0.00719444
0.00611045
0.00499195
0.00383239
0.00262283
0.00135095
0
1
0.698153
0.50093
0.378024
0.299118
0.245942
0.208331
0.18058
0.15937
0.142684
0.129241
0.118194
0.108963
0.10114
0.0944288
0.0886111
0.0835207
0.07903
0.0750395
0.0714699
0.068258
0.0653521
0.0627099
0.0602966
0.0580829
0.0560442
0.0541598
0.0524119
0.0507851
0.0492665
0.0478444
0.0465091
0.0452518
0.0440648
0.0429413
0.0418753
0.0408615
0.039895
0.0389716
0.0380875
0.0372391
0.0364233
0.0356372
0.0348784
0.0341443
0.0334328
0.0327419
0.0320699
0.0314151
0.0307758
0.0301507
0.0295385
0.0289379
0.0283478
0.0277671
0.0271949
0.0266301
0.0260721
0.0255198
0.0249726
0.0244298
0.0238906
0.0233545
0.0228208
0.0222889
0.0217584
0.0212286
0.0206991
0.0201694
0.019639
0.0191076
0.0185746
0.0180396
0.0175024
0.0169623
0.0164191
0.0158724
0.0153218
0.0147668
0.0142071
0.0136422
0.0130718
0.0124954
0.0119125
0.0113226
0.0107252
0.0101197
0.00950538
0.00888156
0.00824738
0.00760184
0.00694381
0.00627188
0.00558434
0.00487903
0.00415313
0.00340285
0.00262283
0.00180514
0.000937453
0
1
0.500275
0.302847
0.210084
0.159363
0.128151
0.1072
0.0922172
0.0809895
0.0722709
0.0653094
0.0596255
0.0548991
0.0509084
0.0474949
0.0445425
0.041964
0.0396928
0.037677
0.0358759
0.0342567
0.0327929
0.0314629
0.0302488
0.0291357
0.0281111
0.0271643
0.0262865
0.0254698
0.0247076
0.0239941
0.0233242
0.0226936
0.0220984
0.0215351
0.0210008
0.0204926
0.0200083
0.0195457
0.0191027
0.0186777
0.0182691
0.0178754
0.0174954
0.0171278
0.0167716
0.0164257
0.0160893
0.0157614
0.0154415
0.0151286
0.0148222
0.0145216
0.0142263
0.0139357
0.0136493
0.0133667
0.0130875
0.0128112
0.0125374
0.0122658
0.0119961
0.0117278
0.0114608
0.0111948
0.0109294
0.0106644
0.0103995
0.0101345
0.00986923
0.0096034
0.0093368
0.00906923
0.00880049
0.00853037
0.00825868
0.00798522
0.00770979
0.0074322
0.00715224
0.00686971
0.00658439
0.00629606
0.00600448
0.00570941
0.00541056
0.00510763
0.00480029
0.00448817
0.00417082
0.00384776
0.00351838
0.00318197
0.00283763
0.00248422
0.00212021
0.0017435
0.00135095
0.000937453
0.000493726
0
0
0
0
0
0
0
0
0
0
0
0
0
0
0
0
0
0
0
0
0
0
0
0
0
0
0
0
0
0
0
0
0
0
0
0
0
0
0
0
0
0
0
0
0
0
0
0
0
0
0
0
0
0
0
0
0
0
0
0
0
0
0
0
0
0
0
0
0
0
0
0
0
0
0
0
0
0
0
0
0
0
0
0
0
0
0
0
0
0
0
0
0
0
0
0
0
0
0
0
0
0
